Eleclectrode_Positions_2.0
Electrode#	Time	X	Y	Z
1	-7	13.5758	20.1156	12.6146	
1	10	13.5796	20.1042	12.6159	
1	26	13.5768	20.1059	12.6193	
1	43	13.5787	20.1104	12.612	
1	60	13.5785	20.105	12.6189	
1	76	13.5813	20.1112	12.6238	
1	93	13.5811	20.1113	12.6214	
1	110	13.5833	20.1078	12.6216	
1	126	13.5811	20.1126	12.6284	
1	143	13.5831	20.1162	12.625	
1	160	13.5805	20.1136	12.6243	
1	176	13.5823	20.1211	12.6261	
1	193	13.5803	20.1134	12.6339	
1	210	13.5814	20.1116	12.6293	
1	226	13.5798	20.1174	12.6393	
1	243	13.5792	20.1169	12.6335	
1	260	13.5786	20.1175	12.6378	
1	276	13.5754	20.12	12.6346	
1	293	13.5738	20.1242	12.6395	
1	310	13.5716	20.1195	12.6403	
1	326	13.5696	20.1241	12.6423	
1	343	13.5694	20.1233	12.6442	
1	360	13.5631	20.125	12.6461	
1	376	13.5644	20.1238	12.6471	
1	393	13.5623	20.1244	12.6565	
1	410	13.5574	20.1263	12.6563	
1	426	13.5561	20.1296	12.6525	
1	443	13.5515	20.1333	12.6536	
1	460	13.5476	20.13	12.6579	
1	476	13.5477	20.1356	12.6601	
1	493	13.5451	20.1298	12.6621	
1	510	13.5426	20.1304	12.6615	
1	526	13.5386	20.1345	12.6601	
1	543	13.5369	20.1289	12.663	
1	560	13.5345	20.1293	12.6656	
1	576	13.5291	20.1331	12.6611	
1	593	13.528	20.1265	12.669	
1	610	13.5278	20.1375	12.6676	
1	626	13.522	20.1298	12.6727	
1	643	13.5213	20.1311	12.6663	
1	660	13.5197	20.1248	12.6711	
1	676	13.5152	20.1271	12.6631	
1	693	13.5181	20.129	12.6752	
1	710	13.5132	20.1259	12.6678	
1	726	13.5128	20.1219	12.6655	
1	743	13.5128	20.1298	12.6755	
1	760	13.5097	20.1287	12.6716	
1	776	13.5081	20.1186	12.6774	
1	793	13.5061	20.1226	12.6711	
1	810	13.5085	20.1197	12.6713	
1	826	13.51	20.1245	12.6776	
1	843	13.5078	20.1172	12.6782	
1	860	13.5082	20.1185	12.6766	
1	876	13.5075	20.114	12.6771	
1	893	13.5098	20.114	12.6792	
1	910	13.5112	20.1146	12.6818	
1	926	13.5096	20.1167	12.6786	
1	943	13.5129	20.1113	12.6805	
1	960	13.5139	20.1179	12.6729	
1	976	13.5154	20.1113	12.6782	
1	993	13.516	20.1153	12.6817	
1	1010	13.5166	20.116	12.6762	
1	1026	13.5166	20.1176	12.6849	
1	1043	13.5174	20.1192	12.6793	
1	1060	13.5219	20.1209	12.6831	
1	1076	13.5216	20.1112	12.6816	
1	1093	13.5243	20.1175	12.6797	
1	1110	13.527	20.1181	12.6822	
1	1126	13.5265	20.1154	12.6803	
1	1143	13.5274	20.1197	12.6841	
1	1160	13.5324	20.1201	12.6849	
1	1176	13.5324	20.1164	12.6849	
1	1193	13.532	20.1221	12.6839	
1	1210	13.5324	20.126	12.6754	
1	1226	13.5346	20.1218	12.6805	
1	1243	13.5347	20.1236	12.6741	
1	1260	13.5385	20.1273	12.6724	
1	1276	13.5393	20.1302	12.6748	
1	1293	13.5341	20.1298	12.6738	
1	1310	13.5436	20.136	12.6703	
1	1326	13.5387	20.135	12.6675	
1	1343	13.5417	20.1336	12.6608	
1	1360	13.5458	20.14	12.6687	
1	1376	13.5406	20.1414	12.6621	
1	1393	13.5389	20.1422	12.6518	
1	1410	13.5393	20.1443	12.646	
1	1426	13.5387	20.1489	12.6464	
1	1443	13.5414	20.1563	12.6413	
1	1460	13.5405	20.1464	12.642	
1	1476	13.5416	20.153	12.6316	
1	1493	13.5383	20.1541	12.6276	
1	1510	13.5375	20.1574	12.6264	
1	1526	13.5387	20.1596	12.622	
1	1543	13.5323	20.158	12.6126	
1	1560	13.5348	20.1611	12.6128	
1	1576	13.5384	20.1719	12.6056	
1	1593	13.5324	20.1667	12.6083	
1	1610	13.5338	20.1698	12.5946	
1	1626	13.5322	20.1678	12.5877	
1	1643	13.5304	20.1658	12.5826	
1	1660	13.5336	20.1703	12.5837	
1	1676	13.53	20.1724	12.5803	
1	1693	13.525	20.1658	12.5736	
1	1710	13.5273	20.1741	12.5743	
1	1726	13.5296	20.1793	12.5711	
1	1743	13.5268	20.1745	12.5652	
1	1760	13.5222	20.1729	12.5574	
1	1776	13.5218	20.176	12.55	
1	1793	13.5237	20.1798	12.5594	
1	1810	13.5242	20.1812	12.5616	
1	1826	13.5196	20.18	12.5522	
1	1843	13.518	20.1792	12.5459	
1	1860	13.5185	20.1737	12.5488	
1	1876	13.5183	20.183	12.5458	
1	1893	13.5147	20.1821	12.5404	
1	1910	13.5143	20.18	12.548	
1	1926	13.5171	20.1792	12.5501	
1	1943	13.5133	20.1798	12.5462	
1	1960	13.5165	20.1849	12.5443	
1	1976	13.5148	20.1854	12.5463	
1	1993	13.5144	20.1775	12.5529	
1	2010	13.5129	20.1857	12.549	
1	2026	13.5163	20.1817	12.5525	
1	2043	13.5115	20.1808	12.5507	
1	2060	13.5139	20.1799	12.5453	
1	2076	13.5126	20.1775	12.5513	
1	2093	13.512	20.1792	12.5487	
1	2110	13.5121	20.181	12.561	
1	2126	13.5176	20.1803	12.5641	
1	2143	13.5121	20.1754	12.5533	
1	2160	13.5105	20.1795	12.5528	
1	2176	13.5129	20.1808	12.552	
1	2193	13.5129	20.1743	12.5558	
1	2210	13.5158	20.1736	12.5618	
1	2226	13.5172	20.1715	12.5622	
1	2243	13.5161	20.1788	12.5607	
1	2260	13.5127	20.1683	12.5691	
1	2276	13.5152	20.1711	12.5593	
1	2293	13.5147	20.1723	12.5644	
1	2310	13.5183	20.1683	12.5647	
1	2326	13.5193	20.1698	12.5677	
1	2343	13.5178	20.1704	12.5704	
1	2360	13.5164	20.1662	12.5691	
1	2376	13.5166	20.1557	12.5644	
1	2393	13.5181	20.1621	12.5683	
1	2410	13.5189	20.1592	12.5675	
1	2426	13.5203	20.1531	12.5703	
1	2443	13.5193	20.1533	12.5685	
1	2460	13.523	20.1448	12.5721	
1	2476	13.5222	20.1483	12.57	
1	2493	13.5207	20.1481	12.5692	
2	-7	13.3943	17.4412	12.9386	
2	10	13.3981	17.4298	12.9399	
2	26	13.3954	17.4316	12.9432	
2	43	13.3973	17.436	12.936	
2	60	13.3972	17.4307	12.9428	
2	76	13.4	17.4369	12.9477	
2	93	13.3997	17.4369	12.9453	
2	110	13.4021	17.4334	12.9455	
2	126	13.3999	17.4382	12.9523	
2	143	13.4019	17.4419	12.949	
2	160	13.3993	17.4392	12.9483	
2	176	13.4011	17.4467	12.9502	
2	193	13.3991	17.4391	12.9578	
2	210	13.4003	17.4372	12.9533	
2	226	13.3986	17.443	12.9634	
2	243	13.3981	17.4426	12.9576	
2	260	13.3974	17.4432	12.9619	
2	276	13.3943	17.4456	12.9587	
2	293	13.3926	17.4499	12.9637	
2	310	13.3904	17.4452	12.9645	
2	326	13.3883	17.4498	12.9666	
2	343	13.3882	17.4489	12.9685	
2	360	13.3819	17.4507	12.9704	
2	376	13.3831	17.4495	12.9714	
2	393	13.3811	17.45	12.9809	
2	410	13.3761	17.452	12.9807	
2	426	13.3747	17.4553	12.977	
2	443	13.3701	17.459	12.9782	
2	460	13.3662	17.4557	12.9825	
2	476	13.3663	17.4613	12.9847	
2	493	13.3637	17.4555	12.9867	
2	510	13.3612	17.4562	12.9862	
2	526	13.3572	17.4603	12.9848	
2	543	13.3553	17.4546	12.9877	
2	560	13.353	17.4551	12.9903	
2	576	13.3476	17.4588	12.9859	
2	593	13.3465	17.4522	12.9937	
2	610	13.3462	17.4633	12.9924	
2	626	13.3405	17.4556	12.9975	
2	643	13.3398	17.4569	12.9911	
2	660	13.3381	17.4505	12.9958	
2	676	13.3335	17.4528	12.9879	
2	693	13.3365	17.4547	12.9999	
2	710	13.3316	17.4516	12.9925	
2	726	13.3311	17.4477	12.9901	
2	743	13.3311	17.4555	13.0002	
2	760	13.3279	17.4545	12.9963	
2	776	13.3263	17.4444	13.002	
2	793	13.3243	17.4484	12.9957	
2	810	13.3266	17.4455	12.996	
2	826	13.3282	17.4502	13.0023	
2	843	13.326	17.4429	13.0027	
2	860	13.3264	17.4443	13.0012	
2	876	13.3256	17.4397	13.0016	
2	893	13.328	17.4397	13.0037	
2	910	13.3294	17.4403	13.0063	
2	926	13.3278	17.4424	13.0031	
2	943	13.331	17.437	13.0049	
2	960	13.3321	17.4436	12.9974	
2	976	13.3336	17.437	13.0025	
2	993	13.3342	17.4411	13.0062	
2	1010	13.3348	17.4417	13.0006	
2	1026	13.3348	17.4433	13.0093	
2	1043	13.3356	17.4449	13.0036	
2	1060	13.3401	17.4466	13.0075	
2	1076	13.3398	17.4369	13.0059	
2	1093	13.3426	17.4432	13.004	
2	1110	13.3453	17.4438	13.0064	
2	1126	13.3448	17.4411	13.0046	
2	1143	13.3456	17.4454	13.0083	
2	1160	13.3507	17.4458	13.0092	
2	1176	13.3507	17.4421	13.0091	
2	1193	13.3503	17.4478	13.0081	
2	1210	13.3508	17.4517	12.9997	
2	1226	13.3528	17.4475	13.0048	
2	1243	13.353	17.4493	12.9983	
2	1260	13.3568	17.453	12.9967	
2	1276	13.3576	17.4559	12.9991	
2	1293	13.3524	17.4556	12.9981	
2	1310	13.3619	17.4617	12.9947	
2	1326	13.357	17.4607	12.9919	
2	1343	13.36	17.4593	12.9851	
2	1360	13.3641	17.4657	12.9931	
2	1376	13.3588	17.4671	12.9865	
2	1393	13.3571	17.468	12.9763	
2	1410	13.3574	17.47	12.9704	
2	1426	13.3569	17.4747	12.971	
2	1443	13.3596	17.4821	12.966	
2	1460	13.3585	17.4721	12.9665	
2	1476	13.3597	17.4788	12.9563	
2	1493	13.3564	17.4799	12.9523	
2	1510	13.3554	17.4832	12.9512	
2	1526	13.3566	17.4854	12.9467	
2	1543	13.3501	17.4838	12.9374	
2	1560	13.3526	17.4869	12.9376	
2	1576	13.3562	17.4978	12.9307	
2	1593	13.3501	17.4926	12.9332	
2	1610	13.3514	17.4957	12.9197	
2	1626	13.3498	17.4937	12.9128	
2	1643	13.3479	17.4916	12.9077	
2	1660	13.3511	17.4962	12.9089	
2	1676	13.3475	17.4983	12.9055	
2	1693	13.3423	17.4917	12.8987	
2	1710	13.3445	17.5	12.8997	
2	1726	13.3469	17.5053	12.8965	
2	1743	13.3441	17.5004	12.8905	
2	1760	13.3393	17.4989	12.8828	
2	1776	13.3389	17.5019	12.8755	
2	1793	13.3408	17.5058	12.8849	
2	1810	13.3413	17.5072	12.8872	
2	1826	13.3366	17.5059	12.8778	
2	1843	13.3349	17.5051	12.8715	
2	1860	13.3354	17.4997	12.8743	
2	1876	13.3351	17.509	12.8715	
2	1893	13.3317	17.5081	12.8661	
2	1910	13.3311	17.506	12.8737	
2	1926	13.334	17.5052	12.8759	
2	1943	13.3301	17.5058	12.8719	
2	1960	13.3334	17.5109	12.8702	
2	1976	13.3316	17.5114	12.8721	
2	1993	13.3312	17.5035	12.8786	
2	2010	13.3297	17.5117	12.8749	
2	2026	13.3332	17.5077	12.8784	
2	2043	13.3284	17.5068	12.8765	
2	2060	13.3309	17.5059	12.871	
2	2076	13.3295	17.5034	12.877	
2	2093	13.329	17.5052	12.8744	
2	2110	13.3291	17.507	12.8868	
2	2126	13.3347	17.5063	12.8898	
2	2143	13.3293	17.5014	12.879	
2	2160	13.3276	17.5055	12.8786	
2	2176	13.33	17.5068	12.8778	
2	2193	13.33	17.5002	12.8815	
2	2210	13.3331	17.4996	12.8875	
2	2226	13.3345	17.4975	12.8879	
2	2243	13.3335	17.5048	12.8865	
2	2260	13.3302	17.4942	12.8948	
2	2276	13.3326	17.497	12.885	
2	2293	13.3322	17.4982	12.89	
2	2310	13.3358	17.4942	12.8903	
2	2326	13.3369	17.4957	12.8934	
2	2343	13.3354	17.4963	12.8961	
2	2360	13.334	17.4922	12.8947	
2	2376	13.3343	17.4816	12.8899	
2	2393	13.3359	17.488	12.8939	
2	2410	13.3367	17.4851	12.8931	
2	2426	13.3382	17.479	12.8957	
2	2443	13.3372	17.4792	12.894	
2	2460	13.3409	17.4707	12.8974	
2	2476	13.3401	17.4741	12.8954	
2	2493	13.3386	17.474	12.8947	
3	-7	13.0078	11.7459	13.6287	
3	10	13.0117	11.7344	13.6297	
3	26	13.009	11.7362	13.633	
3	43	13.0109	11.7407	13.6259	
3	60	13.0109	11.7353	13.6325	
3	76	13.0138	11.7415	13.6376	
3	93	13.0136	11.7415	13.6353	
3	110	13.0161	11.738	13.6353	
3	126	13.0139	11.7428	13.6422	
3	143	13.016	11.7465	13.6389	
3	160	13.0133	11.7439	13.6383	
3	176	13.0153	11.7513	13.6403	
3	193	13.0133	11.7436	13.6478	
3	210	13.0147	11.7418	13.6432	
3	226	13.0127	11.7477	13.6535	
3	243	13.0123	11.7472	13.6478	
3	260	13.0116	11.7478	13.6523	
3	276	13.0085	11.7503	13.649	
3	293	13.0068	11.7546	13.6542	
3	310	13.0046	11.7498	13.6549	
3	326	13.0024	11.7545	13.6572	
3	343	13.0023	11.7536	13.6591	
3	360	12.9961	11.7554	13.6611	
3	376	12.9971	11.7542	13.6621	
3	393	12.9952	11.7548	13.6718	
3	410	12.9902	11.7567	13.6716	
3	426	12.9886	11.76	13.668	
3	443	12.9838	11.7638	13.6694	
3	460	12.9799	11.7605	13.6736	
3	476	12.98	11.7661	13.6761	
3	493	12.9774	11.7603	13.6779	
3	510	12.9749	11.761	13.6777	
3	526	12.9709	11.7651	13.6762	
3	543	12.9687	11.7594	13.6792	
3	560	12.9665	11.7599	13.6816	
3	576	12.9611	11.7636	13.6775	
3	593	12.9598	11.7571	13.6851	
3	610	12.9596	11.7681	13.6841	
3	626	12.9539	11.7604	13.689	
3	643	12.9531	11.7617	13.6828	
3	660	12.9513	11.7554	13.6873	
3	676	12.9467	11.7577	13.6795	
3	693	12.9496	11.7596	13.6914	
3	710	12.9446	11.7565	13.6841	
3	726	12.9442	11.7525	13.6815	
3	743	12.9442	11.7604	13.6918	
3	760	12.9408	11.7594	13.6879	
3	776	12.9393	11.7493	13.6934	
3	793	12.937	11.7532	13.6871	
3	810	12.9395	11.7504	13.6873	
3	826	12.941	11.7551	13.6938	
3	843	12.9388	11.7478	13.6939	
3	860	12.9393	11.7491	13.6924	
3	876	12.9384	11.7446	13.6928	
3	893	12.9407	11.7446	13.6948	
3	910	12.9421	11.7451	13.6973	
3	926	12.9405	11.7472	13.6942	
3	943	12.9437	11.7418	13.6958	
3	960	12.945	11.7484	13.6884	
3	976	12.9464	11.7418	13.6932	
3	993	12.947	11.7459	13.6971	
3	1010	12.9476	11.7465	13.6914	
3	1026	12.9476	11.7481	13.7001	
3	1043	12.9483	11.7497	13.6944	
3	1060	12.9531	11.7514	13.6983	
3	1076	12.9527	11.7417	13.6964	
3	1093	12.9557	11.748	13.6946	
3	1110	12.9584	11.7486	13.6969	
3	1126	12.9579	11.7458	13.6952	
3	1143	12.9586	11.7501	13.6989	
3	1160	12.9638	11.7506	13.6997	
3	1176	12.9638	11.7468	13.6994	
3	1193	12.9634	11.7526	13.6986	
3	1210	12.9639	11.7565	13.6902	
3	1226	12.9657	11.7523	13.6954	
3	1243	12.966	11.754	13.6888	
3	1260	12.9698	11.7578	13.6873	
3	1276	12.9707	11.7607	13.6897	
3	1293	12.9655	11.7603	13.6887	
3	1310	12.975	11.7665	13.6854	
3	1326	12.9702	11.7655	13.6825	
3	1343	12.9732	11.764	13.6758	
3	1360	12.9772	11.7705	13.6841	
3	1376	12.9718	11.7719	13.6774	
3	1393	12.97	11.7728	13.6674	
3	1410	12.9701	11.7748	13.6614	
3	1426	12.9696	11.7795	13.6622	
3	1443	12.9724	11.7869	13.6575	
3	1460	12.9711	11.777	13.6577	
3	1476	12.9723	11.7837	13.6477	
3	1493	12.9689	11.7848	13.6436	
3	1510	12.9677	11.7882	13.6428	
3	1526	12.9689	11.7903	13.6384	
3	1543	12.9622	11.7887	13.6291	
3	1560	12.9646	11.7919	13.6295	
3	1576	12.9682	11.8028	13.623	
3	1593	12.962	11.7976	13.6253	
3	1610	12.963	11.8007	13.612	
3	1626	12.9613	11.7988	13.6051	
3	1643	12.9592	11.7967	13.6001	
3	1660	12.9624	11.8013	13.6014	
3	1676	12.9588	11.8034	13.598	
3	1693	12.9533	11.7968	13.5912	
3	1710	12.9554	11.8052	13.5925	
3	1726	12.9577	11.8105	13.5895	
3	1743	12.9549	11.8056	13.5834	
3	1760	12.9497	11.8041	13.5758	
3	1776	12.9494	11.8071	13.5685	
3	1793	12.9512	11.811	13.5782	
3	1810	12.9517	11.8124	13.5805	
3	1826	12.9468	11.8112	13.5712	
3	1843	12.9451	11.8104	13.5649	
3	1860	12.9454	11.805	13.5677	
3	1876	12.9451	11.8143	13.5652	
3	1893	12.9418	11.8134	13.5597	
3	1910	12.941	11.8114	13.5674	
3	1926	12.944	11.8105	13.5695	
3	1943	12.9401	11.8111	13.5655	
3	1960	12.9434	11.8163	13.564	
3	1976	12.9414	11.8168	13.566	
3	1993	12.9411	11.8088	13.5722	
3	2010	12.9396	11.8171	13.5687	
3	2026	12.9433	11.813	13.5722	
3	2043	12.9383	11.8121	13.5704	
3	2060	12.9411	11.8113	13.5648	
3	2076	12.9396	11.8087	13.5706	
3	2093	12.9393	11.8105	13.5682	
3	2110	12.9394	11.8123	13.5807	
3	2126	12.9451	11.8116	13.5836	
3	2143	12.9398	11.8067	13.5727	
3	2160	12.938	11.8108	13.5724	
3	2176	12.9406	11.8121	13.5716	
3	2193	12.9405	11.8055	13.5753	
3	2210	12.9439	11.8049	13.5812	
3	2226	12.9455	11.8028	13.5815	
3	2243	12.9445	11.8101	13.5803	
3	2260	12.9413	11.7994	13.5882	
3	2276	12.9439	11.8022	13.5785	
3	2293	12.9435	11.8034	13.5835	
3	2310	12.9473	11.7994	13.5838	
3	2326	12.9484	11.8009	13.587	
3	2343	12.9469	11.8015	13.5897	
3	2360	12.9456	11.7974	13.5882	
3	2376	12.9461	11.7867	13.5831	
3	2393	12.9479	11.7932	13.5873	
3	2410	12.9486	11.7902	13.5864	
3	2426	12.9502	11.7841	13.5889	
3	2443	12.9494	11.7843	13.5871	
3	2460	12.9531	11.7758	13.5904	
3	2476	12.9523	11.7793	13.5885	
3	2493	12.9508	11.7791	13.5879	
4	-7	12.8734	9.76488	13.8687	
4	10	12.8773	9.75344	13.8696	
4	26	12.8746	9.75517	13.8729	
4	43	12.8765	9.75966	13.8659	
4	60	12.8766	9.75425	13.8724	
4	76	12.8795	9.76049	13.8775	
4	93	12.8792	9.76053	13.8753	
4	110	12.8818	9.757	13.8753	
4	126	12.8796	9.76183	13.8822	
4	143	12.8818	9.76545	13.8789	
4	160	12.8791	9.76286	13.8783	
4	176	12.881	9.77033	13.8803	
4	193	12.8792	9.76263	13.8878	
4	210	12.8805	9.76079	13.8832	
4	226	12.8785	9.76667	13.8936	
4	243	12.8782	9.76622	13.8879	
4	260	12.8774	9.76681	13.8924	
4	276	12.8743	9.76926	13.8891	
4	293	12.8726	9.77358	13.8944	
4	310	12.8704	9.76882	13.895	
4	326	12.8682	9.77349	13.8974	
4	343	12.8681	9.77263	13.8993	
4	360	12.8619	9.77441	13.9013	
4	376	12.8629	9.77318	13.9023	
4	393	12.8609	9.77379	13.912	
4	410	12.8559	9.77576	13.9119	
4	426	12.8543	9.77906	13.9084	
4	443	12.8494	9.78288	13.9098	
4	460	12.8455	9.77954	13.914	
4	476	12.8457	9.78519	13.9166	
4	493	12.8431	9.77934	13.9183	
4	510	12.8405	9.78008	13.9182	
4	526	12.8366	9.78414	13.9167	
4	543	12.8342	9.77852	13.9197	
4	560	12.832	9.77895	13.9221	
4	576	12.8267	9.78272	13.918	
4	593	12.8253	9.77614	13.9256	
4	610	12.8251	9.78723	13.9247	
4	626	12.8194	9.77951	13.9295	
4	643	12.8186	9.7808	13.9233	
4	660	12.8168	9.77446	13.9278	
4	676	12.8121	9.7768	13.9201	
4	693	12.815	9.77866	13.9319	
4	710	12.81	9.77559	13.9247	
4	726	12.8096	9.77162	13.922	
4	743	12.8096	9.7795	13.9324	
4	760	12.8061	9.77845	13.9285	
4	776	12.8046	9.76834	13.9339	
4	793	12.8023	9.77232	13.9276	
4	810	12.8048	9.76944	13.9278	
4	826	12.8064	9.77419	13.9343	
4	843	12.8041	9.76684	13.9343	
4	860	12.8046	9.76817	13.9328	
4	876	12.8037	9.76364	13.9332	
4	893	12.806	9.76365	13.9352	
4	910	12.8074	9.76421	13.9376	
4	926	12.8057	9.76631	13.9345	
4	943	12.809	9.7609	13.9361	
4	960	12.8103	9.7675	13.9288	
4	976	12.8118	9.76081	13.9335	
4	993	12.8123	9.76494	13.9374	
4	1010	12.813	9.76554	13.9317	
4	1026	12.813	9.76715	13.9404	
4	1043	12.8137	9.76874	13.9347	
4	1060	12.8184	9.77048	13.9386	
4	1076	12.8181	9.76071	13.9366	
4	1093	12.8211	9.767	13.9348	
4	1110	12.8238	9.76763	13.9371	
4	1126	12.8233	9.76488	13.9354	
4	1143	12.8239	9.76916	13.9391	
4	1160	12.8292	9.7696	13.9398	
4	1176	12.8293	9.76586	13.9396	
4	1193	12.8288	9.77159	13.9388	
4	1210	12.8293	9.77553	13.9304	
4	1226	12.831	9.77136	13.9356	
4	1243	12.8314	9.77305	13.929	
4	1260	12.8351	9.77683	13.9276	
4	1276	12.8361	9.77972	13.93	
4	1293	12.8309	9.77935	13.9289	
4	1310	12.8404	9.78551	13.9256	
4	1326	12.8356	9.78452	13.9227	
4	1343	12.8386	9.78308	13.916	
4	1360	12.8427	9.78956	13.9244	
4	1376	12.8372	9.79099	13.9177	
4	1393	12.8354	9.79187	13.9077	
4	1410	12.8354	9.79389	13.9017	
4	1426	12.8348	9.79861	13.9026	
4	1443	12.8377	9.80602	13.898	
4	1460	12.8364	9.79605	13.8982	
4	1476	12.8375	9.80274	13.8882	
4	1493	12.8341	9.80387	13.8841	
4	1510	12.8328	9.80726	13.8833	
4	1526	12.8341	9.80939	13.8789	
4	1543	12.8272	9.80783	13.8697	
4	1560	12.8297	9.81097	13.8701	
4	1576	12.8332	9.82195	13.8638	
4	1593	12.827	9.81669	13.866	
4	1610	12.828	9.81988	13.8529	
4	1626	12.8262	9.81792	13.8459	
4	1643	12.824	9.81588	13.8409	
4	1660	12.8272	9.82046	13.8423	
4	1676	12.8236	9.82254	13.8388	
4	1693	12.818	9.81595	13.832	
4	1710	12.8201	9.8244	13.8335	
4	1726	12.8223	9.82966	13.8306	
4	1743	12.8196	9.82475	13.8244	
4	1760	12.8142	9.82328	13.8168	
4	1776	12.8139	9.82634	13.8096	
4	1793	12.8157	9.83024	13.8193	
4	1810	12.8162	9.83167	13.8216	
4	1826	12.8112	9.83042	13.8123	
4	1843	12.8095	9.82965	13.8061	
4	1860	12.8097	9.82423	13.8089	
4	1876	12.8094	9.83354	13.8064	
4	1893	12.8062	9.83265	13.801	
4	1910	12.8053	9.83061	13.8087	
4	1926	12.8084	9.82974	13.8108	
4	1943	12.8045	9.83034	13.8068	
4	1960	12.8077	9.83552	13.8054	
4	1976	12.8057	9.83608	13.8074	
4	1993	12.8054	9.8281	13.8135	
4	2010	12.8039	9.83634	13.81	
4	2026	12.8077	9.83229	13.8136	
4	2043	12.8026	9.83138	13.8117	
4	2060	12.8055	9.83049	13.8061	
4	2076	12.8039	9.82799	13.8118	
4	2093	12.8038	9.82974	13.8096	
4	2110	12.8038	9.83157	13.822	
4	2126	12.8096	9.83086	13.8249	
4	2143	12.8044	9.82591	13.8139	
4	2160	12.8025	9.83006	13.8137	
4	2176	12.8052	9.83134	13.813	
4	2193	12.8051	9.82478	13.8166	
4	2210	12.8086	9.82408	13.8224	
4	2226	12.8102	9.82197	13.8228	
4	2243	12.8092	9.8293	13.8216	
4	2260	12.806	9.81864	13.8294	
4	2276	12.8087	9.82144	13.8198	
4	2293	12.8083	9.82264	13.8247	
4	2310	12.8122	9.81865	13.825	
4	2326	12.8133	9.82014	13.8283	
4	2343	12.8118	9.82073	13.831	
4	2360	12.8106	9.81657	13.8294	
4	2376	12.811	9.80593	13.8242	
4	2393	12.813	9.8124	13.8285	
4	2410	12.8137	9.80943	13.8276	
4	2426	12.8153	9.80326	13.83	
4	2443	12.8145	9.80348	13.8281	
4	2460	12.8182	9.79496	13.8314	
4	2476	12.8174	9.79843	13.8296	
4	2493	12.8159	9.79825	13.829	

