TimeStamp	ForceValue	AxialAngle	LateralAngle	MetalSeverity	InAccurateSeverity	NeedZeroing	
  9795992	  17.54772	       -97	          63	            0	                 0	          0	
  9796042	  17.94916	       -98	          62	            0	                 0	          0	
  9796092	   17.9991	       -97	          63	            0	                 0	          0	
  9796142	  17.80503	       -97	          66	            0	                 0	          0	
  9796192	  17.89066	       -98	          65	            0	                 0	          0	
  9796242	  18.19189	       -98	          63	            0	                 0	          0	
  9796292	  18.42561	       -98	          62	            0	                 0	          0	
  9796342	  18.37435	       -98	          63	            0	                 0	          0	
  9796392	  18.22279	       -96	          64	            0	                 0	          0	
  9796442	  18.03404	       -96	          65	            0	                 0	          0	
  9796492	   17.9915	       -96	          66	            0	                 0	          0	
  9796542	  17.83952	       -94	          65	            0	                 0	          0	
  9796592	  17.70285	       -95	          67	            0	                 0	          0	
  9796642	  17.90456	       -95	          66	            0	                 0	          0	
  9796692	  18.05166	       -94	          65	            0	                 0	          0	
  9796742	  17.64388	       -95	          68	            0	                 0	          0	
  9796792	  17.24325	       -95	          70	            0	                 0	          0	
  9796842	   17.4708	       -96	          67	            0	                 0	          0	
  9796892	  17.68578	       -95	          66	            0	                 0	          0	
  9796942	  17.44663	       -95	          69	            0	                 0	          0	
  9796992	  17.64922	       -96	          68	            0	                 0	          0	
  9797042	  18.07155	       -95	          65	            0	                 0	          0	
  9797092	  17.93684	       -96	          67	            0	                 0	          0	
  9797142	  17.58679	       -96	          69	            0	                 0	          0	
  9797192	  17.37899	       -97	          71	            0	                 0	          0	
  9797242	  17.58525	       -96	          72	            0	                 0	          0	
  9797292	  17.35277	       -95	          72	            0	                 0	          0	
  9797342	  17.08901	       -96	          71	            0	                 0	          0	
  9797392	  17.43335	       -96	          72	            0	                 0	          0	
  9797442	  17.25813	       -96	          74	            0	                 0	          0	
  9797492	   17.3015	       -95	          73	            0	                 0	          0	
  9797542	  17.60431	       -95	          71	            0	                 0	          0	
  9797592	  17.43635	       -94	          71	            0	                 0	          0	
  9797642	  17.64021	       -94	          71	            0	                 0	          0	
  9797692	  17.54831	       -95	          72	            0	                 0	          0	
  9797742	  17.18381	       -96	          72	            0	                 0	          0	
  9797792	  17.61549	       -95	          69	            0	                 0	          0	
  9797842	  17.51888	       -95	          72	            0	                 0	          0	
  9797892	  17.20031	       -96	          74	            0	                 0	          0	
  9797942	   17.4592	       -96	          72	            0	                 0	          0	
  9797992	  17.54349	       -96	          72	            0	                 0	          0	
  9798042	  17.37847	       -95	          74	            0	                 0	          0	
  9798092	  17.23187	       -95	          74	            0	                 0	          0	
  9798142	  17.28723	       -96	          73	            0	                 0	          0	
  9798192	  17.17151	       -95	          75	            0	                 0	          0	
  9798242	  16.87898	       -95	          77	            0	                 0	          0	
  9798292	  16.81905	       -95	          78	            0	                 0	          0	
  9798342	   16.9331	       -95	          77	            0	                 0	          0	
  9798392	  17.09932	       -95	          76	            0	                 0	          0	
  9798442	  17.18586	       -95	          76	            0	                 0	          0	
  9798492	  17.10582	       -95	          76	            0	                 0	          0	
  9798542	  17.04017	       -95	          76	            0	                 0	          0	
  9798592	  17.24399	       -95	          74	            0	                 0	          0	
  9798642	  17.85415	       -96	          71	            0	                 0	          0	
  9798692	  17.85508	       -95	          71	            0	                 0	          0	
  9798742	  17.34725	       -93	          72	            0	                 0	          0	
  9798792	  17.15236	       -94	          74	            0	                 0	          0	
  9798842	  17.02745	       -94	          77	            0	                 0	          0	
  9798892	  17.21608	       -94	          78	            0	                 0	          0	
  9798942	  17.52197	       -94	          75	            0	                 0	          0	
  9798992	  17.33506	       -94	          75	            0	                 0	          0	
  9799042	  17.23647	       -94	          76	            0	                 0	          0	
  9799092	  17.11879	       -93	          75	            0	                 0	          0	
  9799142	   17.2288	       -94	          76	            0	                 0	          0	
  9799192	  17.55641	       -94	          76	            0	                 0	          0	
  9799242	  17.03529	       -93	          77	            0	                 0	          0	
  9799292	  16.75985	       -93	          75	            0	                 0	          0	
  9799342	  16.82466	       -95	          76	            0	                 0	          0	
  9799392	  16.69712	       -94	          77	            0	                 0	          0	
  9799442	  16.79881	       -92	          75	            0	                 0	          0	
  9799492	  17.03505	       -93	          75	            0	                 0	          0	
  9799542	  17.01813	       -94	          77	            0	                 0	          0	
  9799592	  16.57041	       -93	          79	            0	                 0	          0	
  9799642	  16.66796	       -93	          78	            0	                 0	          0	
  9799692	  16.91492	       -93	          77	            0	                 0	          0	
  9799742	   16.7046	       -92	          80	            0	                 0	          0	
  9799792	   16.7089	       -93	          78	            0	                 0	          0	
  9799842	  16.75223	       -94	          77	            0	                 0	          0	
  9799892	  16.76704	       -94	          79	            0	                 0	          0	
  9799942	  16.76066	       -94	          78	            0	                 0	          0	
  9799992	  16.86414	       -94	          80	            0	                 0	          0	
  9800042	  16.94038	       -93	          80	            0	                 0	          0	
  9800092	  17.13239	       -93	          78	            0	                 0	          0	
  9800142	  17.14783	       -93	          79	            0	                 0	          0	
  9800192	  16.73502	       -94	          78	            0	                 0	          0	
  9800242	  16.80365	       -94	          77	            0	                 0	          0	
  9800292	  16.96827	       -94	          79	            0	                 0	          0	
  9800342	  17.08348	       -94	          79	            0	                 0	          0	
  9800392	  17.15658	       -94	          79	            0	                 0	          0	
  9800442	  16.92525	       -95	          79	            0	                 0	          0	
  9800492	  16.77615	       -94	          80	            0	                 0	          0	
  9800542	  16.72733	       -94	          81	            0	                 0	          0	
  9800592	  16.62178	       -94	          81	            0	                 0	          0	
  9800642	  16.62593	       -93	          79	            0	                 0	          0	
  9800692	  16.98453	       -94	          78	            0	                 0	          0	
  9800742	  17.02879	       -94	          82	            0	                 0	          0	
  9800792	  16.63277	       -94	          81	            0	                 0	          0	
  9800842	  16.65418	       -94	          78	            0	                 0	          0	
  9800892	  16.79892	       -95	          79	            0	                 0	          0	
  9800942	  16.96006	       -95	          76	            0	                 0	          0	
  9800992	  16.93644	       -95	          78	            0	                 0	          0	
  9801042	  17.17157	       -95	          79	            0	                 0	          0	
  9801092	  17.09748	       -94	          79	            0	                 0	          0	
  9801142	  16.94382	       -94	          78	            0	                 0	          0	
  9801192	  17.12674	       -94	          78	            0	                 0	          0	
  9801242	  16.97133	       -93	          79	            0	                 0	          0	
  9801292	  17.01966	       -93	          76	            0	                 0	          0	
  9801342	  17.14954	       -93	          81	            0	                 0	          0	
  9801392	   17.1084	       -93	          82	            0	                 0	          0	
  9801442	  16.70876	       -94	          82	            0	                 0	          0	
  9801492	  16.67442	       -93	          81	            0	                 0	          0	
  9801542	  16.67716	       -94	          79	            0	                 0	          0	
  9801592	  16.68093	       -93	          80	            0	                 0	          0	
  9801642	  16.69129	       -93	          79	            0	                 0	          0	
  9801692	  16.64137	       -94	          80	            0	                 0	          0	
  9801742	  16.76056	       -93	          81	            0	                 0	          0	
  9801792	  16.73391	       -94	          82	            0	                 0	          0	
  9801842	  16.71657	       -94	          80	            0	                 0	          0	
  9801892	  16.84363	       -92	          80	            0	                 0	          0	
  9801942	  16.93643	       -92	          81	            0	                 0	          0	
  9801992	  16.84836	       -93	          79	            0	                 0	          0	
  9802042	  16.82023	       -93	          81	            0	                 0	          0	
  9802092	  16.64647	       -94	          83	            0	                 0	          0	
  9802142	  16.70165	       -93	          83	            0	                 0	          0	
  9802192	  16.87426	       -92	          81	            0	                 0	          0	
  9802242	  16.87736	       -93	          81	            0	                 0	          0	
  9802292	  16.83718	       -94	          83	            0	                 0	          0	
  9802342	  16.89496	       -93	          83	            0	                 0	          0	
  9802392	  17.33577	       -93	          79	            0	                 0	          0	
  9802442	  16.99473	       -93	          81	            0	                 0	          0	
  9802492	   16.5781	       -94	          83	            0	                 0	          0	
  9802542	  17.00268	       -94	          80	            0	                 0	          0	
  9802592	  17.16944	       -93	          81	            0	                 0	          0	
  9802642	  16.91406	       -93	          83	            0	                 0	          0	
  9802692	  16.95802	       -93	          84	            0	                 0	          0	
  9802742	   17.0247	       -94	          81	            0	                 0	          0	
  9802792	  16.83122	       -93	          82	            0	                 0	          0	
  9802842	  16.85233	       -93	          83	            0	                 0	          0	
  9802892	  16.88434	       -93	          84	            0	                 0	          0	
  9802942	  16.58146	       -93	          84	            0	                 0	          0	
  9802992	  16.49499	       -93	          84	            0	                 0	          0	
  9803042	  16.97829	       -94	          79	            0	                 0	          0	
  9803092	  17.11659	       -94	          79	            0	                 0	          0	
  9803142	  16.51663	       -93	          85	            0	                 0	          0	
  9803192	  16.21103	       -94	          86	            0	                 0	          0	
  9803242	  16.32963	       -93	          84	            0	                 0	          0	
  9803292	  16.45742	       -94	          83	            0	                 0	          0	
  9803342	  16.53874	       -94	          85	            0	                 0	          0	
  9803392	  16.68992	       -93	          83	            0	                 0	          0	
  9803442	  16.82536	       -93	          82	            0	                 0	          0	
  9803492	  16.83371	       -93	          84	            0	                 0	          0	
  9803542	  16.84151	       -94	          84	            0	                 0	          0	
  9803592	  16.80052	       -94	          81	            0	                 0	          0	
  9803642	  17.14542	       -94	          78	            0	                 0	          0	
  9803692	  16.95361	       -94	          82	            0	                 0	          0	
  9803742	  16.43453	       -93	          85	            0	                 0	          0	
  9803792	  16.63328	       -93	          84	            0	                 0	          0	
  9803842	  16.78827	       -93	          83	            0	                 0	          0	
  9803892	   16.8305	       -92	          84	            0	                 0	          0	
  9803942	  16.77029	       -93	          86	            0	                 0	          0	
  9803992	  16.55134	       -93	          84	            0	                 0	          0	
  9804042	  16.71268	       -93	          81	            0	                 0	          0	
  9804092	  17.03857	       -94	          80	            0	                 0	          0	
  9804142	  16.98948	       -94	          83	            0	                 0	          0	
  9804192	  16.48037	       -93	          87	            0	                 0	          0	
  9804242	  16.68189	       -93	          85	            0	                 0	          0	
  9804292	  16.96366	       -93	          82	            0	                 0	          0	
  9804342	   16.9531	       -93	          81	            0	                 0	          0	
  9804392	  16.56119	       -94	          85	            0	                 0	          0	
  9804442	  16.36522	       -94	          84	            0	                 0	          0	
  9804492	  16.92237	       -94	          82	            0	                 0	          0	
  9804542	  16.68265	       -94	          85	            0	                 0	          0	
  9804592	  16.38671	       -94	          85	            0	                 0	          0	
  9804642	  16.70941	       -92	          81	            0	                 0	          0	
  9804692	  16.55294	       -93	          83	            0	                 0	          0	
  9804742	  16.58517	       -94	          83	            0	                 0	          0	
  9804792	  16.70611	       -95	          82	            0	                 0	          0	
  9804842	  16.45811	       -94	          82	            0	                 0	          0	
  9804892	  16.67205	       -93	          83	            0	                 0	          0	
  9804942	  16.73508	       -94	          84	            0	                 0	          0	
  9804992	  16.41091	       -92	          84	            0	                 0	          0	
  9805042	  16.29334	       -93	          84	            0	                 0	          0	
  9805092	   16.7194	       -94	          83	            0	                 0	          0	
  9805142	  16.85028	       -93	          82	            0	                 0	          0	
  9805192	  16.56222	       -93	          82	            0	                 0	          0	
  9805242	  16.55399	       -93	          83	            0	                 0	          0	
  9805292	  16.50986	       -93	          84	            0	                 0	          0	
  9805342	  16.64967	       -92	          86	            0	                 0	          0	
  9805392	  16.94915	       -92	          86	            0	                 0	          0	
  9805442	  17.17505	       -94	          87	            0	                 0	          0	
  9805492	    16.733	       -93	          86	            0	                 0	          0	
  9805542	  16.39996	       -93	          84	            0	                 0	          0	
  9805592	  16.65321	       -93	          83	            0	                 0	          0	
  9805642	  16.57225	       -93	          84	            0	                 0	          0	
  9805692	   16.4249	       -93	          86	            0	                 0	          0	
  9805742	   16.7749	       -94	          84	            0	                 0	          0	
  9805792	  17.06831	       -94	          84	            0	                 0	          0	
  9805842	  16.97275	       -93	          84	            0	                 0	          0	
  9805892	  16.77313	       -93	          83	            0	                 0	          0	
  9805942	  16.62994	       -93	          82	            0	                 0	          0	
  9805992	  16.69317	       -92	          84	            0	                 0	          0	
  9806042	  16.50461	       -93	          83	            0	                 0	          0	
  9806092	  16.83032	       -93	          82	            0	                 0	          0	
  9806142	  16.98189	       -93	          83	            0	                 0	          0	
  9806192	  16.82386	       -93	          82	            0	                 0	          0	
  9806242	  16.96352	       -93	          83	            0	                 0	          0	
  9806292	  16.76053	       -92	          85	            0	                 0	          0	
  9806342	  16.59875	       -92	          84	            0	                 0	          0	
  9806392	  16.73917	       -93	          84	            0	                 0	          0	
  9806442	  17.00555	       -92	          85	            0	                 0	          0	
  9806492	  16.79417	       -92	          84	            0	                 0	          0	
  9806542	  16.50998	       -93	          88	            0	                 0	          0	
  9806592	  16.57121	       -93	          88	            0	                 0	          0	
  9806642	  16.61467	       -93	          82	            0	                 0	          0	
  9806692	  16.38055	       -93	          82	            0	                 0	          0	
  9806742	  16.56819	       -94	          87	            0	                 0	          0	
  9806792	  16.60946	       -93	          86	            0	                 0	          0	
  9806842	  16.28097	       -93	          84	            0	                 0	          0	
  9806892	  16.58853	       -93	          82	            0	                 0	          0	
  9806942	  16.79684	       -93	          82	            0	                 0	          0	
  9806992	  16.91417	       -94	          83	            0	                 0	          0	
  9807042	  16.84049	       -93	          83	            0	                 0	          0	
  9807092	  16.58626	       -93	          85	            0	                 0	          0	
  9807142	  16.69521	       -94	          82	            0	                 0	          0	
  9807192	  16.50934	       -94	          85	            0	                 0	          0	
  9807242	  16.63522	       -94	          88	            0	                 0	          0	
  9807292	  16.74397	       -93	          85	            0	                 0	          0	
  9807342	  16.68745	       -92	          84	            0	                 0	          0	
  9807392	  16.83331	       -94	          84	            0	                 0	          0	
  9807442	  16.51982	       -94	          89	            0	                 0	          0	
  9807492	  16.36328	       -93	          88	            0	                 0	          0	
  9807542	  16.54126	       -93	          86	            0	                 0	          0	
  9807592	  16.73613	       -93	          88	            0	                 0	          0	
  9807642	  16.73226	       -93	          89	            0	                 0	          0	
  9807692	   16.5547	       -94	          88	            0	                 0	          0	
  9807742	  16.63627	       -94	          85	            0	                 0	          0	
  9807792	  16.79306	       -94	          85	            0	                 0	          0	
  9807842	  16.56706	       -93	          87	            0	                 0	          0	
  9807892	   16.4918	       -93	          88	            0	                 0	          0	
  9807942	  16.85384	       -93	          82	            0	                 0	          0	
  9807992	  17.05774	       -93	          80	            0	                 0	          0	
  9808042	  17.02312	       -93	          84	            0	                 0	          0	
  9808092	  16.83368	       -92	          82	            0	                 0	          0	
  9808142	  16.92957	       -93	          82	            0	                 0	          0	
  9808192	  16.93303	       -93	          85	            0	                 0	          0	
  9808242	  16.78769	       -92	          87	            0	                 0	          0	
  9808292	  16.69537	       -92	          85	            0	                 0	          0	
  9808342	  16.52409	       -93	          85	            0	                 0	          0	
  9808392	  16.61138	       -93	          88	            0	                 0	          0	
  9808442	  16.74151	       -93	          84	            0	                 0	          0	
  9808492	  16.77537	       -93	          82	            0	                 0	          0	
  9808542	  16.80552	       -93	          85	            0	                 0	          0	
  9808592	  16.97939	       -92	          83	            0	                 0	          0	
  9808642	  17.11181	       -93	          84	            0	                 0	          0	
  9808692	  16.84693	       -94	          89	            0	                 0	          0	
  9808742	  16.53775	       -93	          88	            0	                 0	          0	
  9808792	  16.65899	       -93	          83	            0	                 0	          0	
  9808842	  16.69252	       -94	          87	            0	                 0	          0	
  9808892	  16.87389	       -93	          87	            0	                 0	          0	
  9808942	  16.90996	       -93	          82	            0	                 0	          0	
  9808992	  16.57573	       -92	          84	            0	                 0	          0	
  9809042	   16.7295	       -93	          86	            0	                 0	          0	
  9809092	  17.03071	       -93	          86	            0	                 0	          0	
  9809142	  16.95584	       -94	          88	            0	                 0	          0	
  9809192	  16.92435	       -93	          87	            0	                 0	          0	
  9809242	   16.8862	       -93	          86	            0	                 0	          0	
  9809292	  16.87574	       -93	          86	            0	                 0	          0	
  9809342	  17.09566	       -93	          88	            0	                 0	          0	
  9809392	  16.80685	       -93	          88	            0	                 0	          0	
  9809442	   16.5335	       -92	          84	            0	                 0	          0	
  9809492	  16.77814	       -93	          85	            0	                 0	          0	
  9809542	  16.59688	       -93	          86	            0	                 0	          0	
  9809592	  16.56103	       -92	          85	            0	                 0	          0	
  9809642	   16.5423	       -91	          84	            0	                 0	          0	
  9809692	  16.47564	       -92	          84	            0	                 0	          0	
  9809742	   16.6666	       -93	          87	            0	                 0	          0	
  9809792	  16.46427	       -93	          87	            0	                 0	          0	
  9809842	  16.48901	       -93	          87	            0	                 0	          0	
  9809892	  16.76895	       -94	          86	            0	                 0	          0	
  9809942	  16.80164	       -94	          86	            0	                 0	          0	
  9809992	  17.19499	       -94	          82	            0	                 0	          0	
  9810042	  17.17653	       -94	          79	            0	                 0	          0	
  9810092	  16.60057	       -93	          84	            0	                 0	          0	
  9810142	    16.677	       -93	          86	            0	                 0	          0	
  9810192	  16.96128	       -93	          86	            0	                 0	          0	
  9810242	   16.8765	       -92	          87	            0	                 0	          0	
  9810292	  16.76546	       -92	          90	            0	                 0	          0	
  9810342	  16.74086	       -92	          87	            0	                 0	          0	
  9810392	  16.56929	       -92	          84	            0	                 0	          0	
  9810442	  16.98203	       -92	          84	            0	                 0	          0	
  9810492	  17.30199	       -93	          82	            0	                 0	          0	
  9810542	   16.7297	       -93	          85	            0	                 0	          0	
  9810592	  16.28024	       -93	          87	            0	                 0	          0	
  9810642	  16.56994	       -92	          84	            0	                 0	          0	
  9810692	   16.8052	       -92	          84	            0	                 0	          0	
  9810742	  16.64945	       -93	          87	            0	                 0	          0	
  9810792	  16.75704	       -93	          87	            0	                 0	          0	
  9810842	  16.72518	       -93	          84	            0	                 0	          0	
  9810892	  16.66723	       -93	          86	            0	                 0	          0	
  9810942	  16.69267	       -92	          86	            0	                 0	          0	
  9810992	  16.88678	       -93	          83	            0	                 0	          0	
  9811042	  17.01329	       -94	          84	            0	                 0	          0	
  9811092	  17.14092	       -93	          86	            0	                 0	          0	
  9811142	  17.07062	       -93	          85	            0	                 0	          0	
  9811192	  17.04401	       -93	          84	            0	                 0	          0	
  9811242	  16.96625	       -92	          87	            0	                 0	          0	
  9811292	   16.6176	       -92	          90	            0	                 0	          0	
  9811342	  16.68455	       -93	          87	            0	                 0	          0	
  9811392	  16.72798	       -93	          87	            0	                 0	          0	
  9811442	  16.86468	       -93	          92	            0	                 0	          0	
  9811492	  17.11997	       -93	          93	            0	                 0	          0	
  9811542	  17.22622	       -93	          89	            0	                 0	          0	
  9811592	  17.33437	       -93	          88	            0	                 0	          0	
  9811642	  16.86881	       -94	          86	            0	                 0	          0	
  9811692	  16.46568	       -94	          86	            0	                 0	          0	
  9811742	  16.67535	       -92	          88	            0	                 0	          0	
  9811792	  16.77123	       -93	          85	            0	                 0	          0	
  9811842	  17.04144	       -93	          85	            0	                 0	          0	
  9811892	  16.89835	       -93	          89	            0	                 0	          0	
  9811942	  16.64915	       -93	          87	            0	                 0	          0	
  9811992	  16.84954	       -93	          83	            0	                 0	          0	
  9812042	  16.59412	       -93	          83	            0	                 0	          0	
  9812092	  16.50488	       -93	          83	            0	                 0	          0	
  9812142	  16.46771	       -93	          86	            0	                 0	          0	
  9812192	  16.69003	       -93	          85	            0	                 0	          0	
  9812242	  17.02687	       -93	          85	            0	                 0	          0	
  9812292	  16.89363	       -93	          86	            0	                 0	          0	
  9812342	  16.52501	       -93	          85	            0	                 0	          0	
  9812392	  16.60348	       -93	          87	            0	                 0	          0	
  9812442	  16.68514	       -93	          88	            0	                 0	          0	
  9812492	  16.66356	       -94	          87	            0	                 0	          0	
  9812542	  16.90221	       -93	          83	            0	                 0	          0	
  9812592	   16.9951	       -93	          81	            0	                 0	          0	
  9812642	  16.98068	       -93	          84	            0	                 0	          0	
  9812692	  16.76414	       -93	          85	            0	                 0	          0	
  9812742	  16.75028	       -93	          84	            0	                 0	          0	
  9812792	  16.86707	       -93	          83	            0	                 0	          0	
  9812842	  16.82162	       -93	          86	            0	                 0	          0	
  9812892	  16.64478	       -93	          86	            0	                 0	          0	
  9812942	   16.6225	       -94	          87	            0	                 0	          0	
  9812992	  16.61666	       -92	          88	            0	                 0	          0	
  9813042	  16.77275	       -92	          83	            0	                 0	          0	
  9813092	  17.03592	       -92	          86	            0	                 0	          0	
  9813142	  16.73906	       -92	          88	            0	                 0	          0	
  9813192	  16.56824	       -93	          87	            0	                 0	          0	
  9813242	  16.94599	       -94	          86	            0	                 0	          0	
  9813292	  16.99216	       -93	          86	            0	                 0	          0	
  9813342	  16.64901	       -93	          87	            0	                 0	          0	
  9813392	  16.71982	       -93	          90	            0	                 0	          0	
  9813442	  16.74245	       -93	          89	            0	                 0	          0	
  9813492	  16.77991	       -94	          86	            0	                 0	          0	
  9813542	  16.94765	       -93	          87	            0	                 0	          0	
  9813592	  17.00542	       -93	          87	            0	                 0	          0	
  9813642	  16.79823	       -94	          85	            0	                 0	          0	
  9813692	    16.865	       -94	          85	            0	                 0	          0	
  9813742	  16.94658	       -94	          84	            0	                 0	          0	
  9813792	   16.8365	       -92	          84	            0	                 0	          0	
  9813842	  16.78535	       -93	          85	            0	                 0	          0	
  9813892	  16.44063	       -94	          87	            0	                 0	          0	
  9813942	  16.68655	       -93	          84	            0	                 0	          0	
  9813992	  17.24823	       -93	          82	            0	                 0	          0	
  9814042	   17.4593	       -93	          83	            0	                 0	          0	
  9814092	  17.13031	       -93	          85	            0	                 0	          0	
  9814142	  16.42293	       -94	          86	            0	                 0	          0	
  9814192	  16.24797	       -94	          86	            0	                 0	          0	
  9814242	   16.3322	       -94	          87	            0	                 0	          0	
  9814292	  16.46051	       -94	          84	            0	                 0	          0	
  9814342	  16.74538	       -93	          84	            0	                 0	          0	
  9814392	  16.75352	       -93	          86	            0	                 0	          0	
  9814442	  16.66067	       -92	          87	            0	                 0	          0	
  9814492	  16.87368	       -93	          88	            0	                 0	          0	
  9814542	  16.68332	       -94	          88	            0	                 0	          0	
  9814592	  16.45942	       -94	          87	            0	                 0	          0	
  9814642	  16.51691	       -93	          84	            0	                 0	          0	
  9814692	   16.7343	       -92	          83	            0	                 0	          0	
  9814742	  16.84715	       -92	          82	            0	                 0	          0	
  9814792	  16.73471	       -92	          84	            0	                 0	          0	
  9814842	   16.7183	       -93	          87	            0	                 0	          0	
  9814892	  16.82922	       -94	          85	            0	                 0	          0	
  9814942	  16.91797	       -94	          83	            0	                 0	          0	
  9814992	  16.64766	       -94	          85	            0	                 0	          0	
  9815042	  16.29541	       -94	          89	            0	                 0	          0	
  9815092	  16.28325	       -93	          90	            0	                 0	          0	
  9815142	  16.65726	       -92	          88	            0	                 0	          0	
  9815192	  16.83937	       -92	          86	            0	                 0	          0	
  9815242	  17.00215	       -92	          86	            0	                 0	          0	
  9815292	  17.04672	       -93	          86	            0	                 0	          0	
  9815342	  16.81429	       -94	          86	            0	                 0	          0	
  9815392	  16.53521	       -93	          85	            0	                 0	          0	
  9815442	  16.56423	       -93	          83	            0	                 0	          0	
  9815492	  16.65575	       -93	          84	            0	                 0	          0	
  9815542	  16.67222	       -94	          84	            0	                 0	          0	
  9815592	  16.72047	       -93	          84	            0	                 0	          0	
  9815642	  16.77538	       -94	          85	            0	                 0	          0	
  9815692	  16.69403	       -95	          86	            0	                 0	          0	
  9815742	  16.66567	       -95	          87	            0	                 0	          0	
  9815792	  16.89456	       -94	          86	            0	                 0	          0	
  9815842	  16.83004	       -93	          84	            0	                 0	          0	
  9815892	  16.97894	       -94	          81	            0	                 0	          0	
  9815942	  17.15498	       -94	          81	            0	                 0	          0	
  9815992	  16.96398	       -94	          82	            0	                 0	          0	
  9816042	  16.69498	       -94	          84	            0	                 0	          0	
  9816092	  16.69666	       -93	          86	            0	                 0	          0	
  9816142	  16.59639	       -93	          88	            0	                 0	          0	
  9816192	  16.53159	       -94	          89	            0	                 0	          0	
  9816242	  16.70934	       -94	          88	            0	                 0	          0	
  9816292	  16.90477	       -94	          86	            0	                 0	          0	
  9816342	  17.09166	       -94	          82	            0	                 0	          0	
  9816392	   17.0717	       -93	          81	            0	                 0	          0	
  9816442	  17.17496	       -93	          82	            0	                 0	          0	
  9816492	  16.88749	       -94	          82	            0	                 0	          0	
  9816542	  16.73637	       -94	          83	            0	                 0	          0	
  9816592	  16.79193	       -93	          85	            0	                 0	          0	
  9816642	  16.80701	       -93	          88	            0	                 0	          0	
  9816692	  16.81843	       -94	          87	            0	                 0	          0	
  9816742	  16.75987	       -94	          86	            0	                 0	          0	
  9816792	  16.65897	       -93	          84	            0	                 0	          0	
  9816842	   16.4935	       -93	          85	            0	                 0	          0	
  9816892	    16.656	       -94	          86	            0	                 0	          0	
  9816942	  16.82857	       -95	          85	            0	                 0	          0	
  9816992	  16.89541	       -94	          82	            0	                 0	          0	
  9817042	  16.93666	       -94	          79	            0	                 0	          0	
  9817092	  16.69214	       -93	          83	            0	                 0	          0	
  9817142	  16.67565	       -93	          85	            0	                 0	          0	
  9817192	  16.89605	       -93	          86	            0	                 0	          0	
  9817242	  16.84616	       -93	          89	            0	                 0	          0	
  9817292	  16.71438	       -94	          85	            0	                 0	          0	
  9817342	  16.63198	       -93	          84	            0	                 0	          0	
  9817392	  16.76623	       -94	          85	            0	                 0	          0	
  9817442	  16.67955	       -93	          84	            0	                 0	          0	
  9817492	  16.73445	       -93	          83	            0	                 0	          0	
  9817542	  16.85838	       -94	          85	            0	                 0	          0	
  9817592	  16.74955	       -93	          87	            0	                 0	          0	
  9817642	  16.75822	       -93	          86	            0	                 0	          0	
  9817692	   16.6324	       -93	          84	            0	                 0	          0	
  9817742	  16.48646	       -94	          84	            0	                 0	          0	
  9817792	  16.64438	       -93	          86	            0	                 0	          0	
  9817842	  16.78985	       -93	          86	            0	                 0	          0	
  9817892	   16.5849	       -95	          86	            0	                 0	          0	
  9817942	  16.74052	       -94	          85	            0	                 0	          0	
  9817992	  17.00096	       -92	          83	            0	                 0	          0	
  9818042	  16.96971	       -94	          81	            0	                 0	          0	
  9818092	   16.8523	       -94	          82	            0	                 0	          0	
  9818142	  16.71084	       -94	          85	            0	                 0	          0	
  9818192	  16.52127	       -93	          87	            0	                 0	          0	
  9818242	  16.49257	       -94	          87	            0	                 0	          0	
  9818292	  16.81934	       -94	          89	            0	                 0	          0	
  9818342	  16.71474	       -94	          87	            0	                 0	          0	
  9818392	  16.75695	       -93	          85	            0	                 0	          0	
  9818442	  16.96791	       -93	          89	            0	                 0	          0	
  9818492	  16.87225	       -94	          88	            0	                 0	          0	
  9818542	  16.78761	       -93	          84	            0	                 0	          0	
  9818592	  16.66538	       -92	          86	            0	                 0	          0	
  9818642	  16.74661	       -93	          87	            0	                 0	          0	
  9818692	   16.6955	       -93	          85	            0	                 0	          0	
  9818742	  16.81551	       -93	          82	            0	                 0	          0	
  9818792	  16.75187	       -95	          83	            0	                 0	          0	
  9818842	  16.73708	       -94	          84	            0	                 0	          0	
  9818892	  17.04324	       -93	          84	            0	                 0	          0	
  9818942	  16.68598	       -93	          89	            0	                 0	          0	
  9818992	  16.50941	       -93	          90	            0	                 0	          0	
  9819042	  16.92847	       -93	          85	            0	                 0	          0	
  9819092	  16.96808	       -92	          85	            0	                 0	          0	
  9819142	  17.00562	       -92	          88	            0	                 0	          0	
  9819192	  16.72031	       -93	          89	            0	                 0	          0	
  9819242	  16.59626	       -93	          88	            0	                 0	          0	
  9819292	  16.82969	       -94	          88	            0	                 0	          0	
  9819342	  16.87942	       -95	          87	            0	                 0	          0	
  9819392	  16.93118	       -94	          85	            0	                 0	          0	
  9819442	  16.98455	       -94	          85	            0	                 0	          0	
  9819492	  16.95977	       -94	          86	            0	                 0	          0	
  9819542	  16.98442	       -94	          89	            0	                 0	          0	
  9819592	  17.06998	       -93	          88	            0	                 0	          0	
  9819642	  16.79767	       -94	          87	            0	                 0	          0	
  9819692	  16.85331	       -94	          85	            0	                 0	          0	
  9819742	  17.07189	       -93	          86	            0	                 0	          0	
  9819792	  16.97965	       -92	          88	            0	                 0	          0	
  9819842	  16.81191	       -93	          84	            0	                 0	          0	
  9819892	  16.78853	       -93	          85	            0	                 0	          0	
  9819942	  16.62053	       -93	          88	            0	                 0	          0	
  9819992	   16.4359	       -94	          89	            0	                 0	          0	
  9820042	  16.67243	       -94	          89	            0	                 0	          0	
  9820092	  16.72165	       -93	          89	            0	                 0	          0	
  9820142	  16.65435	       -94	          89	            0	                 0	          0	
  9820192	  16.79077	       -94	          87	            0	                 0	          0	
  9820242	  16.72423	       -93	          88	            0	                 0	          0	
  9820292	   16.6003	       -93	          88	            0	                 0	          0	
  9820342	  16.77999	       -93	          85	            0	                 0	          0	
  9820392	  16.85395	       -93	          86	            0	                 0	          0	
  9820442	  16.93331	       -93	          85	            0	                 0	          0	
  9820492	  16.92059	       -93	          83	            0	                 0	          0	
  9820542	  16.78017	       -93	          84	            0	                 0	          0	
  9820592	   16.7623	       -94	          88	            0	                 0	          0	
  9820642	  16.82216	       -94	          89	            0	                 0	          0	
  9820692	  16.90009	       -93	          85	            0	                 0	          0	
  9820742	  16.58305	       -94	          88	            0	                 0	          0	
  9820792	   16.6847	       -94	          89	            0	                 0	          0	
  9820842	  16.82335	       -93	          84	            0	                 0	          0	
  9820892	  16.52625	       -93	          86	            0	                 0	          0	
  9820942	  16.49655	       -95	          87	            0	                 0	          0	
  9820992	  16.77886	       -95	          88	            0	                 0	          0	
  9821042	  16.76832	       -94	          86	            0	                 0	          0	
  9821092	  16.74361	       -95	          89	            0	                 0	          0	
  9821142	  16.79215	       -94	          90	            0	                 0	          0	
  9821192	  16.50765	       -93	          86	            0	                 0	          0	
  9821242	  16.79694	       -94	          86	            0	                 0	          0	
  9821292	  16.99588	       -93	          86	            0	                 0	          0	
  9821342	  16.73831	       -94	          85	            0	                 0	          0	
  9821392	  16.78677	       -94	          83	            0	                 0	          0	
  9821442	   17.0087	       -93	          83	            0	                 0	          0	
  9821492	  16.92092	       -94	          85	            0	                 0	          0	
  9821542	  16.76913	       -93	          86	            0	                 0	          0	
  9821592	   16.9241	       -93	          83	            0	                 0	          0	
  9821642	  16.93015	       -95	          85	            0	                 0	          0	
  9821692	  16.88972	       -94	          86	            0	                 0	          0	
  9821742	  16.68825	       -93	          86	            0	                 0	          0	
  9821792	  16.40066	       -94	          87	            0	                 0	          0	
  9821842	  16.54683	       -93	          87	            0	                 0	          0	
  9821892	  16.90911	       -93	          85	            0	                 0	          0	
  9821942	  16.93373	       -94	          87	            0	                 0	          0	
  9821992	  16.86049	       -94	          88	            0	                 0	          0	
  9822042	  16.62923	       -93	          87	            0	                 0	          0	
  9822092	  16.57854	       -93	          85	            0	                 0	          0	
  9822142	   16.8009	       -93	          84	            0	                 0	          0	
  9822192	  16.52186	       -92	          86	            0	                 0	          0	
  9822242	  16.55174	       -93	          82	            0	                 0	          0	
  9822292	    16.546	       -94	          84	            0	                 0	          0	
  9822342	  16.63025	       -93	          87	            0	                 0	          0	
  9822392	  16.59487	       -93	          87	            0	                 0	          0	
  9822442	  16.38581	       -93	          88	            0	                 0	          0	
  9822492	  16.46424	       -93	          89	            0	                 0	          0	
  9822542	  16.55346	       -94	          86	            0	                 0	          0	
  9822592	  16.67624	       -94	          85	            0	                 0	          0	
  9822642	   16.7604	       -94	          87	            0	                 0	          0	
  9822692	  16.69622	       -94	          86	            0	                 0	          0	
  9822742	  16.53781	       -94	          86	            0	                 0	          0	
  9822792	  16.64368	       -94	          84	            0	                 0	          0	
  9822842	  16.97368	       -94	          84	            0	                 0	          0	
  9822892	  17.04904	       -94	          86	            0	                 0	          0	
  9822942	  16.70064	       -94	          85	            0	                 0	          0	
  9822992	  16.74419	       -93	          86	            0	                 0	          0	
  9823042	  16.88101	       -94	          88	            0	                 0	          0	
  9823092	  16.88602	       -95	          89	            0	                 0	          0	
  9823142	   16.7272	       -94	          89	            0	                 0	          0	
  9823192	  16.51459	       -94	          89	            0	                 0	          0	
  9823242	  16.62665	       -94	          86	            0	                 0	          0	
  9823292	  16.91922	       -94	          82	            0	                 0	          0	
  9823342	  17.02874	       -94	          85	            0	                 0	          0	
  9823392	  16.95748	       -93	          87	            0	                 0	          0	
  9823442	   16.9553	       -93	          84	            0	                 0	          0	
  9823492	  16.83073	       -94	          85	            0	                 0	          0	
  9823542	  16.60422	       -94	          87	            0	                 0	          0	
  9823592	  16.68952	       -93	          84	            0	                 0	          0	
  9823642	  16.81338	       -93	          84	            0	                 0	          0	
  9823692	  16.62205	       -93	          88	            0	                 0	          0	
  9823742	  16.67438	       -94	          88	            0	                 0	          0	
  9823792	  16.58983	       -94	          89	            0	                 0	          0	
  9823842	   16.5167	       -94	          91	            0	                 0	          0	
  9823892	  16.69792	       -93	          88	            0	                 0	          0	
  9823942	  17.14802	       -94	          84	            0	                 0	          0	
  9823992	   17.1207	       -95	          83	            0	                 0	          0	
  9824042	  16.80336	       -94	          81	            0	                 0	          0	
  9824092	  16.66622	       -94	          82	            0	                 0	          0	
  9824142	  16.39371	       -94	          87	            0	                 0	          0	
  9824192	  16.52305	       -95	          87	            0	                 0	          0	
  9824242	  16.52361	       -94	          89	            0	                 0	          0	
  9824292	  16.68593	       -95	          87	            0	                 0	          0	
  9824342	  16.81467	       -95	          83	            0	                 0	          0	
  9824392	   16.5662	       -94	          89	            0	                 0	          0	
  9824442	  16.46068	       -93	          90	            0	                 0	          0	
  9824492	  16.52951	       -93	          86	            0	                 0	          0	
  9824542	  16.69691	       -93	          87	            0	                 0	          0	
  9824592	   16.6606	       -93	          89	            0	                 0	          0	
  9824642	  16.58737	       -94	          88	            0	                 0	          0	
  9824692	  16.70291	       -93	          84	            0	                 0	          0	
  9824742	  16.72421	       -94	          83	            0	                 0	          0	
  9824792	   16.3424	       -94	          85	            0	                 0	          0	
  9824842	  16.41394	       -93	          85	            0	                 0	          0	
  9824892	  16.88913	       -94	          86	            0	                 0	          0	
  9824942	  16.98881	       -94	          86	            0	                 0	          0	
  9824992	  16.81636	       -93	          85	            0	                 0	          0	
  9825042	  16.73094	       -93	          87	            0	                 0	          0	
  9825092	  16.77481	       -94	          88	            0	                 0	          0	
  9825142	  16.90757	       -94	          88	            0	                 0	          0	
  9825192	  17.08788	       -93	          84	            0	                 0	          0	
  9825242	  17.22517	       -93	          84	            0	                 0	          0	
  9825292	  17.17375	       -93	          83	            0	                 0	          0	
  9825342	  16.98689	       -93	          81	            0	                 0	          0	
  9825392	  16.61103	       -93	          84	            0	                 0	          0	
  9825442	  16.45493	       -93	          85	            0	                 0	          0	
  9825492	  16.86318	       -93	          86	            0	                 0	          0	
  9825542	  17.05052	       -93	          90	            0	                 0	          0	
  9825592	  16.64638	       -94	          91	            0	                 0	          0	
  9825642	  16.60976	       -94	          88	            0	                 0	          0	
  9825692	  16.85361	       -93	          87	            0	                 0	          0	
  9825742	  16.84649	       -93	          86	            0	                 0	          0	
  9825792	  16.84434	       -93	          85	            0	                 0	          0	
  9825842	  16.89757	       -92	          84	            0	                 0	          0	
  9825892	  17.03402	       -92	          82	            0	                 0	          0	
  9825942	  16.83912	       -93	          84	            0	                 0	          0	
  9825992	  16.77934	       -93	          87	            0	                 0	          0	
  9826042	  17.00825	       -93	          88	            0	                 0	          0	
  9826092	  17.01958	       -93	          85	            0	                 0	          0	
  9826142	  16.57334	       -94	          85	            0	                 0	          0	
  9826192	  16.44294	       -94	          88	            0	                 0	          0	
  9826242	   16.7672	       -93	          90	            0	                 0	          0	
  9826292	  16.56281	       -94	          91	            0	                 0	          0	
  9826342	  16.69872	       -93	          86	            0	                 0	          0	
  9826392	  17.15758	       -93	          84	            0	                 0	          0	
  9826442	  17.26167	       -93	          85	            0	                 0	          0	
  9826492	   17.1905	       -93	          83	            0	                 0	          0	
  9826542	  16.99675	       -93	          81	            0	                 0	          0	
  9826592	  16.95242	       -93	          84	            0	                 0	          0	
  9826642	  16.83193	       -94	          86	            0	                 0	          0	
  9826692	  16.55866	       -94	          88	            0	                 0	          0	
  9826742	  16.62639	       -93	          89	            0	                 0	          0	
  9826792	   16.7159	       -93	          87	            0	                 0	          0	
  9826842	  16.66532	       -93	          84	            0	                 0	          0	
  9826892	  16.81431	       -93	          88	            0	                 0	          0	
  9826942	  16.94151	       -93	          88	            0	                 0	          0	
  9826992	  16.83535	       -92	          85	            0	                 0	          0	
  9827042	  16.93814	       -93	          87	            0	                 0	          0	
  9827092	  16.83924	       -93	          89	            0	                 0	          0	
  9827142	  16.35165	       -93	          90	            0	                 0	          0	
  9827192	   16.6469	       -93	          90	            0	                 0	          0	
  9827242	  16.84507	       -93	          88	            0	                 0	          0	
  9827292	  16.93726	       -92	          85	            0	                 0	          0	
  9827342	  17.01436	       -93	          86	            0	                 0	          0	
  9827392	  16.68877	       -94	          89	            0	                 0	          0	
  9827442	  16.90017	       -93	          88	            0	                 0	          0	
  9827492	  16.99383	       -93	          87	            0	                 0	          0	
  9827542	  16.81196	       -94	          87	            0	                 0	          0	
  9827592	  16.86382	       -93	          85	            0	                 0	          0	
  9827642	  16.92534	       -92	          85	            0	                 0	          0	
  9827692	  16.80082	       -92	          85	            0	                 0	          0	
  9827742	  16.71058	       -93	          85	            0	                 0	          0	
  9827792	  17.04857	       -93	          86	            0	                 0	          0	
  9827842	  16.88778	       -93	          89	            0	                 0	          0	
  9827892	  16.53847	       -93	          91	            0	                 0	          0	
  9827942	  16.69719	       -93	          88	            0	                 0	          0	
  9827992	  16.76561	       -93	          87	            0	                 0	          0	
  9828042	  16.57053	       -93	          87	            0	                 0	          0	
  9828092	  16.45371	       -93	          88	            0	                 0	          0	
  9828142	  16.42325	       -93	          88	            0	                 0	          0	
  9828192	  16.25635	       -93	          88	            0	                 0	          0	
  9828242	  16.40598	       -92	          87	            0	                 0	          0	
  9828292	  16.64849	       -93	          86	            0	                 0	          0	
  9828342	  16.63943	       -93	          88	            0	                 0	          0	
  9828392	  16.78458	       -92	          89	            0	                 0	          0	
  9828442	  16.82848	       -92	          89	            0	                 0	          0	
  9828492	  17.03702	       -92	          88	            0	                 0	          0	
  9828542	   17.0387	       -93	          87	            0	                 0	          0	
  9828592	  17.03323	       -94	          87	            0	                 0	          0	
  9828642	  17.06107	       -93	          90	            0	                 0	          0	
  9828692	  16.86059	       -93	          90	            0	                 0	          0	
  9828742	  16.70994	       -93	          90	            0	                 0	          0	
  9828792	  16.75904	       -94	          87	            0	                 0	          0	
  9828842	  16.76726	       -93	          84	            0	                 0	          0	
  9828892	  16.75718	       -93	          86	            0	                 0	          0	
  9828942	   16.6854	       -93	          87	            0	                 0	          0	
  9828992	  16.56157	       -92	          89	            0	                 0	          0	
  9829042	  16.64025	       -93	          88	            0	                 0	          0	
  9829092	  16.40328	       -93	          89	            0	                 0	          0	
  9829142	  16.35683	       -94	          94	            0	                 0	          0	
  9829192	  16.72215	       -94	          92	            0	                 0	          0	
  9829242	  16.93624	       -94	          88	            0	                 0	          0	
  9829292	  16.82758	       -94	          87	            0	                 0	          0	
  9829342	  16.84818	       -93	          88	            0	                 0	          0	
  9829392	  16.81243	       -92	          90	            0	                 0	          0	
  9829442	  16.70968	       -92	          89	            0	                 0	          0	
  9829492	  16.70358	       -93	          87	            0	                 0	          0	
  9829542	  16.64764	       -92	          88	            0	                 0	          0	
  9829592	  16.77389	       -93	          85	            0	                 0	          0	
  9829642	  16.85222	       -93	          87	            0	                 0	          0	
  9829692	  16.59407	       -92	          90	            0	                 0	          0	
  9829742	  16.61449	       -93	          84	            0	                 0	          0	
  9829792	  16.70956	       -94	          82	            0	                 0	          0	
  9829842	  16.48345	       -93	          87	            0	                 0	          0	
  9829892	  16.44692	       -93	          91	            0	                 0	          0	
  9829942	   16.3754	       -94	          90	            0	                 0	          0	
  9829992	  16.53971	       -93	          86	            0	                 0	          0	
  9830042	  16.81428	       -93	          86	            0	                 0	          0	
  9830092	  16.97541	       -93	          88	            0	                 0	          0	
  9830142	  16.88499	       -92	          87	            0	                 0	          0	
  9830192	  16.69046	       -93	          87	            0	                 0	          0	
  9830242	  16.85722	       -94	          87	            0	                 0	          0	
  9830292	   16.8158	       -94	          85	            0	                 0	          0	
  9830342	  16.79665	       -93	          84	            0	                 0	          0	
  9830392	  16.85168	       -93	          87	            0	                 0	          0	
  9830442	  16.74989	       -92	          87	            0	                 0	          0	
  9830492	  16.87768	       -93	          85	            0	                 0	          0	
  9830542	  16.72849	       -94	          88	            0	                 0	          0	
  9830592	  16.77285	       -93	          86	            0	                 0	          0	
  9830642	  17.00402	       -93	          86	            0	                 0	          0	
  9830692	  16.87173	       -93	          87	            0	                 0	          0	
  9830742	  16.82802	       -94	          88	            0	                 0	          0	
  9830792	  16.80258	       -93	          87	            0	                 0	          0	
  9830842	  16.87193	       -94	          87	            0	                 0	          0	
  9830892	  16.87642	       -95	          90	            0	                 0	          0	
  9830942	   16.6224	       -93	          91	            0	                 0	          0	
  9830992	  16.46675	       -92	          90	            0	                 0	          0	
  9831042	  16.66562	       -93	          85	            0	                 0	          0	
  9831092	  16.69167	       -93	          84	            0	                 0	          0	
  9831142	  16.55293	       -93	          86	            0	                 0	          0	
  9831192	  16.47485	       -93	          84	            0	                 0	          0	
  9831242	   16.3138	       -93	          86	            0	                 0	          0	
  9831292	  16.58849	       -93	          87	            0	                 0	          0	
  9831342	   16.5651	       -93	          86	            0	                 0	          0	
  9831392	  16.47322	       -93	          87	            0	                 0	          0	
  9831442	   16.6051	       -93	          89	            0	                 0	          0	
  9831492	  16.57343	       -93	          89	            0	                 0	          0	
  9831542	  16.73446	       -93	          85	            0	                 0	          0	
  9831592	  16.74383	       -93	          86	            0	                 0	          0	
  9831642	  16.79209	       -93	          87	            0	                 0	          0	
  9831692	  16.84662	       -94	          90	            0	                 0	          0	
  9831742	  16.64891	       -94	          92	            0	                 0	          0	
  9831792	  16.57885	       -93	          89	            0	                 0	          0	
  9831842	  16.96543	       -92	          88	            0	                 0	          0	
  9831892	   16.8715	       -92	          90	            0	                 0	          0	
  9831942	  16.65645	       -92	          89	            0	                 0	          0	
  9831992	   16.7398	       -92	          88	            0	                 0	          0	
  9832042	    16.608	       -93	          89	            0	                 0	          0	
  9832092	  16.64581	       -93	          89	            0	                 0	          0	
  9832142	  16.74095	       -93	          88	            0	                 0	          0	
  9832192	  16.87126	       -92	          88	            0	                 0	          0	
  9832242	  16.95929	       -93	          89	            0	                 0	          0	
  9832292	  16.76654	       -94	          87	            0	                 0	          0	
  9832342	  16.62966	       -93	          89	            0	                 0	          0	
  9832392	  16.67069	       -93	          91	            0	                 0	          0	
  9832442	  16.63958	       -93	          92	            0	                 0	          0	
  9832492	  16.64524	       -93	          89	            0	                 0	          0	
  9832542	  16.48942	       -92	          87	            0	                 0	          0	
  9832592	  16.59361	       -92	          88	            0	                 0	          0	
  9832642	   16.7941	       -92	          88	            0	                 0	          0	
  9832692	   16.7021	       -93	          88	            0	                 0	          0	
  9832742	  16.96128	       -93	          87	            0	                 0	          0	
  9832792	   17.1247	       -93	          88	            0	                 0	          0	
  9832842	  17.02308	       -93	          88	            0	                 0	          0	
  9832892	  16.86212	       -93	          88	            0	                 0	          0	
  9832942	  16.79221	       -93	          86	            0	                 0	          0	
  9832992	  16.96917	       -94	          87	            0	                 0	          0	
  9833042	  16.76218	       -93	          88	            0	                 0	          0	
  9833092	  16.84813	       -92	          86	            0	                 0	          0	
  9833142	  17.07314	       -92	          86	            0	                 0	          0	
  9833192	  16.72675	       -92	          85	            0	                 0	          0	
  9833242	  16.69131	       -93	          84	            0	                 0	          0	
  9833292	  16.36897	       -93	          87	            0	                 0	          0	
  9833342	  16.48116	       -94	          90	            0	                 0	          0	
  9833392	  16.80799	       -94	          89	            0	                 0	          0	
  9833442	  16.68419	       -92	          85	            0	                 0	          0	
  9833492	  16.77706	       -92	          87	            0	                 0	          0	
  9833542	  16.70318	       -92	          91	            0	                 0	          0	
  9833592	  16.61479	       -93	          90	            0	                 0	          0	
  9833642	  16.83774	       -93	          89	            0	                 0	          0	
  9833692	   16.6182	       -93	          89	            0	                 0	          0	
  9833742	  16.44818	       -93	          87	            0	                 0	          0	
  9833792	  16.84822	       -93	          90	            0	                 0	          0	
  9833842	  16.84054	       -93	          91	            0	                 0	          0	
  9833892	  16.79861	       -93	          90	            0	                 0	          0	
  9833942	   16.8445	       -93	          88	            0	                 0	          0	
  9833992	  16.65744	       -93	          86	            0	                 0	          0	
  9834042	  16.82737	       -93	          86	            0	                 0	          0	
  9834092	  16.78436	       -92	          88	            0	                 0	          0	
  9834142	  16.58851	       -93	          90	            0	                 0	          0	
  9834192	  16.78701	       -93	          91	            0	                 0	          0	
  9834242	  16.74561	       -93	          90	            0	                 0	          0	
  9834292	  16.59376	       -93	          91	            0	                 0	          0	
  9834342	  16.79389	       -92	          89	            0	                 0	          0	
  9834392	  16.97946	       -91	          90	            0	                 0	          0	
  9834442	  17.00196	       -92	          90	            0	                 0	          0	
  9834492	  17.09447	       -92	          85	            0	                 0	          0	
  9834542	  16.91843	       -93	          84	            0	                 0	          0	
  9834592	  16.75438	       -93	          87	            0	                 0	          0	
  9834642	  16.94121	       -93	          86	            0	                 0	          0	
  9834692	  17.04608	       -93	          87	            0	                 0	          0	
  9834742	  16.73238	       -93	          90	            0	                 0	          0	
  9834792	  16.40399	       -93	          90	            0	                 0	          0	
  9834842	  16.38333	       -93	          91	            0	                 0	          0	
  9834892	   16.4422	       -93	          91	            0	                 0	          0	
  9834942	  16.82889	       -93	          87	            0	                 0	          0	
  9834992	  16.87154	       -92	          88	            0	                 0	          0	
  9835042	  16.82462	       -91	          88	            0	                 0	          0	
  9835092	  16.77149	       -92	          87	            0	                 0	          0	
  9835142	  16.78458	       -94	          88	            0	                 0	          0	
  9835192	   16.9798	       -94	          86	            0	                 0	          0	
  9835242	  16.82802	       -93	          84	            0	                 0	          0	
  9835292	  17.00326	       -92	          87	            0	                 0	          0	
  9835342	  16.91823	       -92	          89	            0	                 0	          0	
  9835392	  16.47477	       -92	          92	            0	                 0	          0	
  9835442	  16.52034	       -93	          93	            0	                 0	          0	
  9835492	  16.88773	       -94	          89	            0	                 0	          0	
  9835542	  16.97203	       -93	          87	            0	                 0	          0	
  9835592	  16.75491	       -92	          88	            0	                 0	          0	
  9835642	  16.75984	       -93	          90	            0	                 0	          0	
  9835692	   16.5062	       -92	          89	            0	                 0	          0	
  9835742	  16.54786	       -92	          89	            0	                 0	          0	
  9835792	    16.789	       -93	          92	            0	                 0	          0	
  9835842	  16.70998	       -93	          90	            0	                 0	          0	
  9835892	  16.87457	       -93	          87	            0	                 0	          0	
  9835942	  16.77507	       -93	          90	            0	                 0	          0	
  9835992	  16.60052	       -94	          93	            0	                 0	          0	
  9836042	  16.68077	       -92	          90	            0	                 0	          0	
  9836092	  16.82928	       -92	          88	            0	                 0	          0	
  9836142	  16.90235	       -92	          87	            0	                 0	          0	
  9836192	  16.89243	       -92	          86	            0	                 0	          0	
  9836242	   16.7639	       -93	          86	            0	                 0	          0	
  9836292	  16.65365	       -93	          86	            0	                 0	          0	
  9836342	  16.72405	       -92	          89	            0	                 0	          0	
  9836392	  16.68233	       -92	          92	            0	                 0	          0	
  9836442	  16.72729	       -92	          91	            0	                 0	          0	
  9836492	  16.91304	       -93	          89	            0	                 0	          0	
  9836542	  16.68265	       -94	          89	            0	                 0	          0	
  9836592	   16.6585	       -93	          87	            0	                 0	          0	
  9836642	  16.73565	       -93	          91	            0	                 0	          0	
  9836692	  16.68279	       -93	          91	            0	                 0	          0	
  9836742	  16.59366	       -94	          89	            0	                 0	          0	
  9836792	  16.49473	       -94	          89	            0	                 0	          0	
  9836842	  16.80381	       -93	          87	            0	                 0	          0	
  9836892	  17.00098	       -93	          89	            0	                 0	          0	
  9836942	  16.84159	       -94	          89	            0	                 0	          0	
  9836992	  17.08603	       -93	          84	            0	                 0	          0	
  9837042	  17.11857	       -93	          87	            0	                 0	          0	
  9837092	  16.90539	       -94	          89	            0	                 0	          0	
  9837142	  16.92738	       -94	          87	            0	                 0	          0	
  9837192	    16.966	       -94	          91	            0	                 0	          0	
  9837242	  16.84605	       -94	          90	            0	                 0	          0	
  9837292	  16.82907	       -94	          87	            0	                 0	          0	
  9837342	  16.72566	       -94	          88	            0	                 0	          0	
  9837392	  16.75752	       -94	          90	            0	                 0	          0	
  9837442	  16.91636	       -95	          88	            0	                 0	          0	
  9837492	  16.98395	       -94	          85	            0	                 0	          0	
  9837542	  16.82378	       -94	          86	            0	                 0	          0	
  9837592	   16.9069	       -93	          88	            0	                 0	          0	
  9837642	  17.10324	       -93	          88	            0	                 0	          0	
  9837692	   17.1039	       -94	          86	            0	                 0	          0	
  9837742	  16.98774	       -93	          87	            0	                 0	          0	
  9837792	  16.77299	       -94	          90	            0	                 0	          0	
  9837842	  16.77782	       -95	          87	            0	                 0	          0	
  9837892	  16.77985	       -95	          84	            0	                 0	          0	
  9837942	  16.64909	       -94	          87	            0	                 0	          0	
  9837992	  16.79024	       -94	          93	            0	                 0	          0	
  9838042	  16.84365	       -94	          90	            0	                 0	          0	
  9838092	  16.96143	       -93	          86	            0	                 0	          0	
  9838142	  16.82093	       -94	          89	            0	                 0	          0	
  9838192	  16.55228	       -94	          91	            0	                 0	          0	
  9838242	  16.71554	       -93	          90	            0	                 0	          0	
  9838292	  16.89437	       -94	          89	            0	                 0	          0	
  9838342	  16.75386	       -94	          88	            0	                 0	          0	
  9838392	  16.77241	       -94	          87	            0	                 0	          0	
  9838442	  16.81131	       -94	          85	            0	                 0	          0	
  9838492	  16.79309	       -93	          86	            0	                 0	          0	
  9838542	  17.01533	       -93	          89	            0	                 0	          0	
  9838592	  16.96115	       -93	          88	            0	                 0	          0	
  9838642	  16.98899	       -95	          90	            0	                 0	          0	
  9838692	  17.00243	       -95	          91	            0	                 0	          0	
  9838742	  16.78154	       -94	          89	            0	                 0	          0	
  9838792	  17.02728	       -94	          87	            0	                 0	          0	
  9838842	  17.15109	       -95	          90	            0	                 0	          0	
  9838892	  16.77411	       -94	          91	            0	                 0	          0	
  9838942	  16.59156	       -93	          88	            0	                 0	          0	
  9838992	   16.7213	       -93	          89	            0	                 0	          0	
  9839042	  16.46558	       -94	          88	            0	                 0	          0	
  9839092	  16.37294	       -94	          88	            0	                 0	          0	
  9839142	  16.82511	       -94	          86	            0	                 0	          0	
  9839192	  16.81174	       -94	          88	            0	                 0	          0	
  9839242	  16.74762	       -94	          88	            0	                 0	          0	
  9839292	  16.88523	       -94	          85	            0	                 0	          0	
  9839342	  16.58275	       -94	          88	            0	                 0	          0	
  9839392	  16.56876	       -95	          88	            0	                 0	          0	
  9839442	  17.03923	       -94	          87	            0	                 0	          0	
  9839492	  16.92754	       -94	          89	            0	                 0	          0	
  9839542	  16.40446	       -93	          89	            0	                 0	          0	
  9839592	  16.55676	       -94	          86	            0	                 0	          0	
  9839642	   16.8778	       -94	          87	            0	                 0	          0	
  9839692	  16.63947	       -94	          89	            0	                 0	          0	
  9839742	   16.4537	       -94	          91	            0	                 0	          0	
  9839792	  16.45506	       -94	          94	            0	                 0	          0	
  9839842	  16.56942	       -93	          93	            0	                 0	          0	
  9839892	  16.90511	       -93	          90	            0	                 0	          0	
  9839942	  16.85012	       -93	          90	            0	                 0	          0	
  9839992	  16.81872	       -94	          89	            0	                 0	          0	
  9840042	  16.93964	       -96	          87	            0	                 0	          0	
  9840092	  16.80064	       -95	          88	            0	                 0	          0	
  9840142	  16.69111	       -95	          89	            0	                 0	          0	
  9840192	  16.69438	       -94	          88	            0	                 0	          0	
  9840242	  16.78205	       -94	          87	            0	                 0	          0	
  9840292	  16.95517	       -94	          89	            0	                 0	          0	
  9840342	   16.8672	       -94	          90	            0	                 0	          0	
  9840392	  16.82065	       -94	          90	            0	                 0	          0	
  9840442	  17.04144	       -94	          89	            0	                 0	          0	
  9840492	  17.05011	       -94	          87	            0	                 0	          0	
  9840542	  17.07311	       -94	          83	            0	                 0	          0	
  9840592	  17.05874	       -94	          87	            0	                 0	          0	
  9840642	  16.79547	       -95	          90	            0	                 0	          0	
  9840692	   16.5921	       -95	          85	            0	                 0	          0	
  9840742	  16.71194	       -94	          83	            0	                 0	          0	
  9840792	  16.78608	       -93	          87	            0	                 0	          0	
  9840842	  16.95852	       -92	          92	            0	                 0	          0	
  9840892	  17.02381	       -92	          93	            0	                 0	          0	
  9840942	  16.59146	       -94	          91	            0	                 0	          0	
  9840992	  16.47247	       -94	          87	            0	                 0	          0	
  9841042	  16.67229	       -93	          88	            0	                 0	          0	
  9841092	  16.69958	       -92	          89	            0	                 0	          0	
  9841142	  16.81073	       -92	          85	            0	                 0	          0	
  9841192	  16.80442	       -93	          87	            0	                 0	          0	
  9841242	  16.79103	       -93	          92	            0	                 0	          0	
  9841292	  16.65864	       -93	          90	            0	                 0	          0	
