TimeStamp	ForceValue	AxialAngle	LateralAngle	MetalSeverity	InAccurateSeverity	NeedZeroing	
  4386192	  1.160704	         0	           0	            0	                 0	          0	
  4386242	  1.159379	         0	           0	            0	                 0	          0	
  4386292	  1.506605	         0	           0	            0	                 0	          0	
  4386342	  1.290674	         0	           0	            0	                 0	          0	
  4386392	   1.14072	         0	           0	            0	                 0	          0	
  4386442	 0.6644658	         0	           0	            0	                 0	          0	
  4386492	 0.5210478	         0	           0	            0	                 0	          0	
  4386542	 0.9461782	         0	           0	            0	                 0	          0	
  4386592	  1.066825	         0	           0	            0	                 0	          0	
  4386642	   1.01334	         0	           0	            0	                 0	          0	
  4386692	 0.8040064	         0	           0	            0	                 0	          0	
  4386742	 0.5944803	         0	           0	            0	                 0	          0	
  4386792	 0.8242468	         0	           0	            0	                 0	          0	
  4386842	 0.8859648	         0	           0	            0	                 0	          0	
  4386892	 0.7172869	         0	           0	            0	                 0	          0	
  4386942	 0.6943117	         0	           0	            0	                 0	          0	
  4386992	 0.9947738	         0	           0	            0	                 0	          0	
  4387042	  1.111705	         0	           0	            0	                 0	          0	
  4387092	  1.013137	         0	           0	            0	                 0	          0	
  4387142	 0.9644425	         0	           0	            0	                 0	          0	
  4387192	 0.8847834	         0	           0	            0	                 0	          0	
  4387242	  1.189974	         0	           0	            0	                 0	          0	
  4387292	  1.070594	         0	           0	            0	                 0	          0	
  4387342	  1.468794	         0	           0	            0	                 0	          0	
  4387392	  1.018403	         0	           0	            0	                 0	          0	
  4387442	 0.9764118	         0	           0	            0	                 0	          0	
  4387492	  0.952561	         0	           0	            0	                 0	          0	
  4387542	  1.464251	         0	           0	            0	                 0	          0	
  4387592	  1.107537	         0	           0	            0	                 0	          0	
  4387642	 0.4760292	         0	           0	            0	                 0	          0	
  4387692	 0.4571235	         0	           0	            0	                 0	          0	
  4387742	    1.4367	         0	           0	            0	                 0	          0	
  4387792	  1.561065	         0	           0	            0	                 0	          0	
  4387842	 0.9931332	         0	           0	            0	                 0	          0	
  4387892	 0.8087768	         0	           0	            0	                 0	          0	
  4387942	  1.019966	         0	           0	            0	                 0	          0	
  4387992	  1.380764	         0	           0	            0	                 0	          0	
  4388042	  1.481691	         0	           0	            0	                 0	          0	
  4388092	 0.8442882	         0	           0	            0	                 0	          0	
  4388142	  1.106823	         0	           0	            0	                 0	          0	
  4388192	  0.970311	         0	           0	            0	                 0	          0	
  4388242	 0.6583945	         0	           0	            0	                 0	          0	
  4388292	  1.342527	         0	           0	            0	                 0	          0	
  4388342	 0.8820122	         0	           0	            0	                 0	          0	
  4388392	 0.6818638	         0	           0	            0	                 0	          0	
  4388442	  1.005173	         0	           0	            0	                 0	          0	
  4388492	  1.635519	         0	           0	            0	                 0	          0	
  4388542	  1.612489	         0	           0	            0	                 0	          0	
  4388592	  1.931183	         0	           0	            0	                 0	          0	
  4388642	  1.191818	         0	           0	            0	                 0	          0	
  4388692	 0.6014165	         0	           0	            0	                 0	          0	
  4388742	 0.3293066	         0	           0	            0	                 0	          0	
  4388792	 0.3638151	         0	           0	            0	                 0	          0	
  4388842	   1.12083	         0	           0	            0	                 0	          0	
  4388892	  1.946242	         0	           0	            0	                 0	          0	
  4388942	  1.307657	         0	           0	            0	                 0	          0	
  4388992	  1.065867	         0	           0	            0	                 0	          0	
  4389042	  1.254783	         0	           0	            0	                 0	          0	
  4389092	  1.361855	         0	           0	            0	                 0	          0	
  4389142	 0.9489092	         0	           0	            0	                 0	          0	
  4389192	   1.23462	         0	           0	            0	                 0	          0	
  4389242	  1.898536	         0	           0	            0	                 0	          0	
  4389292	  1.719866	         0	           0	            0	                 0	          0	
  4389342	 0.8565066	         0	           0	            0	                 0	          0	
  4389392	 0.6901824	         0	           0	            0	                 0	          0	
  4389442	 0.7452674	         0	           0	            0	                 0	          0	
  4389492	   1.25512	         0	           0	            0	                 0	          0	
  4389542	  1.610094	         0	           0	            0	                 0	          0	
  4389592	   1.42595	         0	           0	            0	                 0	          0	
  4389642	  1.755969	         0	           0	            0	                 0	          0	
  4389692	   1.05634	         0	           0	            0	                 0	          0	
  4389742	 0.6227507	         0	           0	            0	                 0	          0	
  4389792	  1.188439	         0	           0	            0	                 0	          0	
  4389842	  1.598926	         0	           0	            0	                 0	          0	
  4389892	  1.361554	         0	           0	            0	                 0	          0	
  4389942	  1.950751	         0	           0	            0	                 0	          0	
  4389992	  2.254067	         0	           0	            0	                 0	          0	
  4390042	  1.442779	         0	           0	            0	                 0	          0	
  4390092	  1.689957	         0	           0	            0	                 0	          0	
  4390142	   1.72942	         0	           0	            0	                 0	          0	
  4390192	  1.542083	         0	           0	            0	                 0	          0	
  4390242	  1.928361	         0	           0	            0	                 0	          0	
  4390292	  1.904841	         0	           0	            0	                 0	          0	
  4390342	  1.537973	         0	           0	            0	                 0	          0	
  4390392	  1.446382	         0	           0	            0	                 0	          0	
  4390442	  1.538981	         0	           0	            0	                 0	          0	
  4390492	  1.790689	         0	           0	            0	                 0	          0	
  4390542	  1.926763	         0	           0	            0	                 0	          0	
  4390592	  1.734546	         0	           0	            0	                 0	          0	
  4390642	  1.172206	         0	           0	            0	                 0	          0	
  4390692	 0.9495946	         0	           0	            0	                 0	          0	
  4390742	   1.71497	         0	           0	            0	                 0	          0	
  4390792	  1.610567	         0	           0	            0	                 0	          0	
  4390842	  1.434238	         0	           0	            0	                 0	          0	
  4390892	 0.9990956	         0	           0	            0	                 0	          0	
  4390942	 0.6011505	         0	           0	            0	                 0	          0	
  4390992	 0.4379226	         0	           0	            0	                 0	          0	
  4391042	 0.6529968	         0	           0	            0	                 0	          0	
  4391092	  1.565358	         0	           0	            0	                 0	          0	
  4391142	  1.449738	         0	           0	            0	                 0	          0	
  4391192	  1.898599	         0	           0	            0	                 0	          0	
  4391242	  1.658871	         0	           0	            0	                 0	          0	
  4391292	  1.514217	         0	           0	            0	                 0	          0	
  4391342	  0.802142	         0	           0	            0	                 0	          0	
  4391392	  1.199844	         0	           0	            0	                 0	          0	
  4391442	  2.847548	         0	           0	            0	                 0	          0	
  4391492	  2.306598	         0	           0	            0	                 0	          0	
  4391542	  1.655371	         0	           0	            0	                 0	          0	
  4391592	  1.385964	         0	           0	            0	                 0	          0	
  4391642	  1.936022	         0	           0	            0	                 0	          0	
  4391692	  1.687936	         0	           0	            0	                 0	          0	
  4391742	 0.9690119	         0	           0	            0	                 0	          0	
  4391792	  1.113045	         0	           0	            0	                 0	          0	
  4391842	  1.245293	         0	           0	            0	                 0	          0	
  4391892	  1.319113	         0	           0	            0	                 0	          0	
  4391942	 0.9589967	         0	           0	            0	                 0	          0	
  4391992	 0.4469361	         0	           0	            0	                 0	          0	
  4392042	 0.8572859	         0	           0	            0	                 0	          0	
  4392092	  1.298487	         0	           0	            0	                 0	          0	
  4392142	  1.158314	         0	           0	            0	                 0	          0	
  4392192	  1.066321	         0	           0	            0	                 0	          0	
  4392242	  1.512183	         0	           0	            0	                 0	          0	
  4392292	  1.619521	         0	           0	            0	                 0	          0	
  4392342	   1.21388	         0	           0	            0	                 0	          0	
  4392392	  1.386969	         0	           0	            0	                 0	          0	
  4392442	  1.554841	         0	           0	            0	                 0	          0	
  4392492	  1.458747	         0	           0	            0	                 0	          0	
  4392542	  1.216421	         0	           0	            0	                 0	          0	
  4392592	 0.8034108	         0	           0	            0	                 0	          0	
  4392642	 0.9800434	         0	           0	            0	                 0	          0	
  4392692	  1.688747	         0	           0	            0	                 0	          0	
  4392742	  2.665371	         0	           0	            0	                 0	          0	
  4392792	  2.622659	         0	           0	            0	                 0	          0	
  4392842	  1.928545	         0	           0	            0	                 0	          0	
  4392892	 0.8879863	         0	           0	            0	                 0	          0	
  4392942	 0.4271253	         0	           0	            0	                 0	          0	
  4392992	  1.387599	         0	           0	            0	                 0	          0	
  4393042	  2.105717	         0	           0	            0	                 0	          0	
  4393092	  2.145903	         0	           0	            0	                 0	          0	
  4393142	  1.708283	         0	           0	            0	                 0	          0	
  4393192	   1.68623	         0	           0	            0	                 0	          0	
  4393242	  1.746234	         0	           0	            0	                 0	          0	
  4393292	  1.129671	         0	           0	            0	                 0	          0	
  4393342	 0.8121638	         0	           0	            0	                 0	          0	
  4393392	 0.7694899	         0	           0	            0	                 0	          0	
  4393442	  2.054448	         0	           0	            0	                 0	          0	
  4393492	   2.32606	         0	           0	            0	                 0	          0	
  4393542	  1.469037	         0	           0	            0	                 0	          0	
  4393592	  1.414754	         0	           0	            0	                 0	          0	
  4393642	  1.121092	         0	           0	            0	                 0	          0	
  4393692	 0.3112596	         0	           0	            0	                 0	          0	
  4393742	 0.6970755	         0	           0	            0	                 0	          0	
  4393792	  1.556216	         0	           0	            0	                 0	          0	
  4393842	  2.410144	         0	           0	            0	                 0	          0	
  4393892	  2.507743	         0	           0	            0	                 0	          0	
  4393942	  1.615719	         0	           0	            0	                 0	          0	
  4393992	  1.037251	         0	           0	            0	                 0	          0	
  4394042	  1.092645	         0	           0	            0	                 0	          0	
  4394092	  1.208949	         0	           0	            0	                 0	          0	
  4394142	  1.366665	         0	           0	            0	                 0	          0	
  4394192	  1.198666	         0	           0	            0	                 0	          0	
  4394242	  1.625244	         0	           0	            0	                 0	          0	
  4394292	  1.575365	         0	           0	            0	                 0	          0	
  4394342	 0.9268954	         0	           0	            0	                 0	          0	
  4394392	    2.1361	         0	           0	            0	                 0	          0	
  4394442	  2.815706	         0	           0	            0	                 0	          0	
  4394492	  1.737978	         0	           0	            0	                 0	          0	
  4394542	  1.962494	         0	           0	            0	                 0	          0	
  4394592	  1.872233	         0	           0	            0	                 0	          0	
  4394642	 0.8149745	         0	           0	            0	                 0	          0	
  4394692	  1.561376	         0	           0	            0	                 0	          0	
  4394742	   2.52772	         0	           0	            0	                 0	          0	
  4394792	  2.617979	         0	           0	            0	                 0	          0	
  4394842	  2.094775	         0	           0	            0	                 0	          0	
  4394892	  1.122908	         0	           0	            0	                 0	          0	
  4394942	  1.503846	         0	           0	            0	                 0	          0	
  4394992	  2.199527	         0	           0	            0	                 0	          0	
  4395042	  1.443842	         0	           0	            0	                 0	          0	
  4395092	  1.877977	         0	           0	            0	                 0	          0	
  4395142	  2.243844	         0	           0	            0	                 0	          0	
  4395192	  2.238485	         0	           0	            0	                 0	          0	
  4395242	  2.576255	         0	           0	            0	                 0	          0	
  4395292	  2.441929	         0	           0	            0	                 0	          0	
  4395342	   2.74048	         0	           0	            0	                 0	          0	
  4395392	  2.480082	         0	           0	            0	                 0	          0	
  4395442	   2.79386	         0	           0	            0	                 0	          0	
  4395492	  3.157265	         0	           0	            0	                 0	          0	
  4395542	  2.236684	         0	           0	            0	                 0	          0	
  4395592	  1.717876	         0	           0	            0	                 0	          0	
  4395642	  2.539367	         0	           0	            0	                 0	          0	
  4395692	  2.802086	         0	           0	            0	                 0	          0	
  4395742	  1.344246	         0	           0	            0	                 0	          0	
  4395792	  1.570998	         0	           0	            0	                 0	          0	
  4395842	   1.94289	         0	           0	            0	                 0	          0	
  4395892	  1.242463	         0	           0	            0	                 0	          0	
  4395942	  1.356835	         0	           0	            0	                 0	          0	
  4395992	 0.9195353	         0	           0	            0	                 0	          0	
  4396042	  1.308043	         0	           0	            0	                 0	          0	
  4396092	  2.334159	         0	           0	            0	                 0	          0	
  4396142	  2.118317	         0	           0	            0	                 0	          0	
  4396192	  1.420341	         0	           0	            0	                 0	          0	
  4396242	 0.8706093	         0	           0	            0	                 0	          0	
  4396292	  1.268522	         0	           0	            0	                 0	          0	
  4396342	  1.814123	         0	           0	            0	                 0	          0	
  4396392	  1.274359	         0	           0	            0	                 0	          0	
  4396442	  1.076421	         0	           0	            0	                 0	          0	
  4396492	  1.769742	         0	           0	            0	                 0	          0	
  4396542	  2.587834	         0	           0	            0	                 0	          0	
  4396592	  2.889161	         0	           0	            0	                 0	          0	
  4396642	  2.437156	         0	           0	            0	                 0	          0	
  4396692	  2.715153	         0	           0	            0	                 0	          0	
  4396742	  2.223522	         0	           0	            0	                 0	          0	
  4396792	 0.8875375	         0	           0	            0	                 0	          0	
  4396842	  0.948451	         0	           0	            0	                 0	          0	
  4396892	  1.418687	         0	           0	            0	                 0	          0	
  4396942	  2.898206	         0	           0	            0	                 0	          0	
  4396992	  3.274883	         0	           0	            0	                 0	          0	
  4397042	  2.053784	         0	           0	            0	                 0	          0	
  4397092	  1.641802	         0	           0	            0	                 0	          0	
  4397142	  1.390838	         0	           0	            0	                 0	          0	
  4397192	  1.213856	         0	           0	            0	                 0	          0	
  4397242	  1.221799	         0	           0	            0	                 0	          0	
  4397292	  1.281756	         0	           0	            0	                 0	          0	
  4397342	 0.9851781	         0	           0	            0	                 0	          0	
  4397392	  1.016395	         0	           0	            0	                 0	          0	
  4397442	  1.359024	         0	           0	            0	                 0	          0	
  4397492	  1.763121	         0	           0	            0	                 0	          0	
  4397542	   1.33887	         0	           0	            0	                 0	          0	
  4397592	  1.671103	         0	           0	            0	                 0	          0	
  4397642	  1.950593	         0	           0	            0	                 0	          0	
  4397692	  1.250982	         0	           0	            0	                 0	          0	
  4397742	  1.771646	         0	           0	            0	                 0	          0	
  4397792	  1.328047	         0	           0	            0	                 0	          0	
  4397842	  1.140197	         0	           0	            0	                 0	          0	
  4397892	  2.551053	         0	           0	            0	                 0	          0	
  4397942	  2.011809	         0	           0	            0	                 0	          0	
  4397992	  1.741898	         0	           0	            0	                 0	          0	
  4398042	  2.653791	         0	           0	            0	                 0	          0	
  4398092	  2.825735	         0	           0	            0	                 0	          0	
  4398142	  1.919487	         0	           0	            0	                 0	          0	
  4398192	  1.216253	         0	           0	            0	                 0	          0	
  4398242	  1.832206	         0	           0	            0	                 0	          0	
  4398292	  1.383716	         0	           0	            0	                 0	          0	
  4398342	  1.496519	         0	           0	            0	                 0	          0	
  4398392	   1.49591	         0	           0	            0	                 0	          0	
  4398442	  1.641455	         0	           0	            0	                 0	          0	
  4398492	  2.402289	         0	           0	            0	                 0	          0	
  4398542	  2.286906	         0	           0	            0	                 0	          0	
  4398592	  2.221779	         0	           0	            0	                 0	          0	
  4398642	  2.105883	         0	           0	            0	                 0	          0	
  4398692	  1.645324	         0	           0	            0	                 0	          0	
  4398742	  1.350048	         0	           0	            0	                 0	          0	
  4398792	   1.49888	         0	           0	            0	                 0	          0	
  4398842	  1.478626	         0	           0	            0	                 0	          0	
  4398892	  1.792267	         0	           0	            0	                 0	          0	
  4398942	  2.465522	         0	           0	            0	                 0	          0	
  4398992	  2.037842	         0	           0	            0	                 0	          0	
  4399042	  1.348628	         0	           0	            0	                 0	          0	
  4399092	  3.224989	         0	           0	            0	                 0	          0	
  4399142	   3.20731	         0	           0	            0	                 0	          0	
  4399192	  2.240349	         0	           0	            0	                 0	          0	
  4399242	  2.238407	         0	           0	            0	                 0	          0	
  4399292	  2.303638	         0	           0	            0	                 0	          0	
  4399342	  3.103387	         0	           0	            0	                 0	          0	
  4399392	   2.49776	         0	           0	            0	                 0	          0	
  4399442	  1.468071	         0	           0	            0	                 0	          0	
  4399492	 0.9773278	         0	           0	            0	                 0	          0	
  4399542	 0.9340456	         0	           0	            0	                 0	          0	
  4399592	  1.467218	         0	           0	            0	                 0	          0	
  4399642	  1.548145	         0	           0	            0	                 0	          0	
  4399692	  1.096726	         0	           0	            0	                 0	          0	
  4399742	  1.863969	         0	           0	            0	                 0	          0	
  4399792	  1.939784	         0	           0	            0	                 0	          0	
