TimeStamp	ForceValue	AxialAngle	LateralAngle	MetalSeverity	InAccurateSeverity	NeedZeroing	
  9740992	  20.94228	       -86	          92	            0	                 0	          0	
  9741042	  20.67478	       -86	          93	            0	                 0	          0	
  9741092	  20.70871	       -86	          93	            0	                 0	          0	
  9741142	  20.91509	       -85	          91	            0	                 0	          0	
  9741192	  20.68175	       -85	          92	            0	                 0	          0	
  9741242	  20.43789	       -85	          92	            0	                 0	          0	
  9741292	  20.35055	       -85	          92	            0	                 0	          0	
  9741342	  20.63842	       -85	          91	            0	                 0	          0	
  9741392	  20.70186	       -85	          91	            0	                 0	          0	
  9741442	  20.50982	       -86	          93	            0	                 0	          0	
  9741492	  20.52338	       -85	          94	            0	                 0	          0	
  9741542	   20.6194	       -85	          94	            0	                 0	          0	
  9741592	  20.69664	       -86	          93	            0	                 0	          0	
  9741642	  20.15111	       -87	          90	            0	                 0	          0	
  9741692	  19.98658	       -85	          91	            0	                 0	          0	
  9741742	  20.36992	       -84	          92	            0	                 0	          0	
  9741792	  20.64887	       -85	          93	            0	                 0	          0	
  9741842	   20.6876	       -85	          95	            0	                 0	          0	
  9741892	  20.63213	       -86	          94	            0	                 0	          0	
  9741942	  20.48755	       -86	          92	            0	                 0	          0	
  9741992	  20.29437	       -85	          92	            0	                 0	          0	
  9742042	  20.67745	       -85	          93	            0	                 0	          0	
  9742092	  20.75076	       -85	          94	            0	                 0	          0	
  9742142	  20.55485	       -85	          95	            0	                 0	          0	
  9742192	  20.75414	       -86	          93	            0	                 0	          0	
  9742242	  20.97348	       -86	          92	            0	                 0	          0	
  9742292	  20.58637	       -86	          93	            0	                 0	          0	
  9742342	  20.40555	       -86	          94	            0	                 0	          0	
  9742392	  20.52573	       -85	          93	            0	                 0	          0	
  9742442	  20.68269	       -85	          92	            0	                 0	          0	
  9742492	  20.77871	       -85	          94	            0	                 0	          0	
  9742542	  20.52066	       -85	          96	            0	                 0	          0	
  9742592	  20.26246	       -85	          95	            0	                 0	          0	
  9742642	  20.39379	       -85	          94	            0	                 0	          0	
  9742692	  20.50535	       -86	          95	            0	                 0	          0	
  9742742	    20.491	       -85	          97	            0	                 0	          0	
  9742792	  20.36593	       -85	          94	            0	                 0	          0	
  9742842	   20.4325	       -86	          92	            0	                 0	          0	
  9742892	  20.50546	       -85	          97	            0	                 0	          0	
  9742942	   20.4239	       -85	          97	            0	                 0	          0	
  9742992	  20.39591	       -86	          93	            0	                 0	          0	
  9743042	   20.5449	       -86	          92	            0	                 0	          0	
  9743092	  20.54817	       -86	          94	            0	                 0	          0	
  9743142	  20.58049	       -85	          98	            0	                 0	          0	
  9743192	  20.60826	       -86	          96	            0	                 0	          0	
  9743242	  20.71782	       -85	          95	            0	                 0	          0	
  9743292	  20.78537	       -86	          95	            0	                 0	          0	
  9743342	  20.58149	       -86	          94	            0	                 0	          0	
  9743392	  20.24883	       -86	          96	            0	                 0	          0	
  9743442	  20.12066	       -85	          95	            0	                 0	          0	
  9743492	  20.41543	       -84	          94	            0	                 0	          0	
  9743542	  20.48795	       -84	          95	            0	                 0	          0	
  9743592	  20.53651	       -85	          97	            0	                 0	          0	
  9743642	  20.61595	       -85	          96	            0	                 0	          0	
  9743692	  20.72371	       -85	          94	            0	                 0	          0	
  9743742	  20.56814	       -85	          97	            0	                 0	          0	
  9743792	  20.19683	       -85	          98	            0	                 0	          0	
  9743842	  20.31506	       -85	          95	            0	                 0	          0	
  9743892	  20.72526	       -85	          96	            0	                 0	          0	
  9743942	  20.79566	       -85	          97	            0	                 0	          0	
  9743992	  20.48147	       -84	          96	            0	                 0	          0	
  9744042	  20.47919	       -85	          97	            0	                 0	          0	
  9744092	  20.72448	       -85	          96	            0	                 0	          0	
  9744142	  20.58845	       -85	          95	            0	                 0	          0	
  9744192	  20.53663	       -85	          94	            0	                 0	          0	
  9744242	  20.60598	       -85	          97	            0	                 0	          0	
  9744292	  20.25138	       -84	          96	            0	                 0	          0	
  9744342	  20.23516	       -85	          94	            0	                 0	          0	
  9744392	   20.8283	       -85	          95	            0	                 0	          0	
  9744442	  20.77939	       -85	          96	            0	                 0	          0	
  9744492	  20.49991	       -85	          97	            0	                 0	          0	
  9744542	   20.6158	       -85	          95	            0	                 0	          0	
  9744592	  20.68809	       -84	          95	            0	                 0	          0	
  9744642	  20.58858	       -85	          96	            0	                 0	          0	
  9744692	  20.18234	       -85	          94	            0	                 0	          0	
  9744742	  20.02737	       -85	          95	            0	                 0	          0	
  9744792	  20.39871	       -85	          96	            0	                 0	          0	
  9744842	  20.48446	       -84	          97	            0	                 0	          0	
  9744892	  20.40164	       -85	          96	            0	                 0	          0	
  9744942	  20.43755	       -85	          96	            0	                 0	          0	
  9744992	  20.27653	       -85	          96	            0	                 0	          0	
  9745042	  20.48755	       -85	          96	            0	                 0	          0	
  9745092	  20.65865	       -85	          95	            0	                 0	          0	
  9745142	  20.49447	       -85	          97	            0	                 0	          0	
  9745192	  20.30853	       -84	          96	            0	                 0	          0	
  9745242	  20.13898	       -84	          95	            0	                 0	          0	
  9745292	  20.16865	       -84	          93	            0	                 0	          0	
  9745342	    20.146	       -84	          94	            0	                 0	          0	
  9745392	  20.40656	       -85	          98	            0	                 0	          0	
  9745442	  20.52074	       -85	          97	            0	                 0	          0	
  9745492	  20.34034	       -85	          99	            0	                 0	          0	
  9745542	  20.19818	       -84	          99	            0	                 0	          0	
  9745592	  20.16277	       -84	          98	            0	                 0	          0	
  9745642	  20.32213	       -85	          98	            0	                 0	          0	
  9745692	  20.29249	       -85	          97	            0	                 0	          0	
  9745742	  20.00943	       -84	          97	            0	                 0	          0	
  9745792	  20.27997	       -84	          98	            0	                 0	          0	
  9745842	  20.41544	       -84	          98	            0	                 0	          0	
  9745892	  20.53454	       -84	          98	            0	                 0	          0	
  9745942	  20.73412	       -84	          99	            0	                 0	          0	
  9745992	  20.36008	       -84	          98	            0	                 0	          0	
  9746042	  20.25418	       -83	          98	            0	                 0	          0	
  9746092	  20.53252	       -84	          98	            0	                 0	          0	
  9746142	  20.48652	       -84	          97	            0	                 0	          0	
  9746192	   20.1927	       -84	          95	            0	                 0	          0	
  9746242	  20.16764	       -84	          94	            0	                 0	          0	
  9746292	  20.04852	       -84	          95	            0	                 0	          0	
  9746342	  20.16151	       -84	          96	            0	                 0	          0	
  9746392	  20.26442	       -84	          94	            0	                 0	          0	
  9746442	  20.09702	       -84	          93	            0	                 0	          0	
  9746492	  20.22026	       -84	          96	            0	                 0	          0	
  9746542	  20.55616	       -84	          99	            0	                 0	          0	
  9746592	  20.40915	       -84	          97	            0	                 0	          0	
  9746642	  20.19857	       -83	          96	            0	                 0	          0	
  9746692	  20.28977	       -85	         100	            0	                 0	          0	
  9746742	  20.40031	       -85	          98	            0	                 0	          0	
  9746792	  20.45976	       -84	          96	            0	                 0	          0	
  9746842	  20.48244	       -85	          96	            0	                 0	          0	
  9746892	  20.24179	       -85	          97	            0	                 0	          0	
  9746942	  20.03413	       -84	          97	            0	                 0	          0	
  9746992	  20.05441	       -84	          96	            0	                 0	          0	
  9747042	  20.11932	       -84	          97	            0	                 0	          0	
  9747092	  20.21666	       -84	          95	            0	                 0	          0	
  9747142	  20.50963	       -84	          93	            0	                 0	          0	
  9747192	  20.39345	       -84	          94	            0	                 0	          0	
  9747242	  20.27557	       -85	          96	            0	                 0	          0	
  9747292	  20.27046	       -84	          96	            0	                 0	          0	
  9747342	  19.88254	       -83	          93	            0	                 0	          0	
  9747392	  19.91201	       -83	          94	            0	                 0	          0	
  9747442	  20.18331	       -84	          97	            0	                 0	          0	
  9747492	  20.17224	       -85	          97	            0	                 0	          0	
  9747542	   19.9833	       -86	          96	            0	                 0	          0	
  9747592	  20.08558	       -84	          96	            0	                 0	          0	
  9747642	  20.28256	       -85	          95	            0	                 0	          0	
  9747692	  20.31321	       -85	          96	            0	                 0	          0	
  9747742	  20.26519	       -84	          96	            0	                 0	          0	
  9747792	  20.10956	       -84	          97	            0	                 0	          0	
  9747842	  19.88168	       -85	          96	            0	                 0	          0	
  9747892	  19.94513	       -84	          96	            0	                 0	          0	
  9747942	  20.29661	       -84	          96	            0	                 0	          0	
  9747992	  20.44266	       -85	          96	            0	                 0	          0	
  9748042	  20.53572	       -84	          96	            0	                 0	          0	
  9748092	  20.54988	       -84	          96	            0	                 0	          0	
  9748142	  20.21674	       -85	          96	            0	                 0	          0	
  9748192	  19.97092	       -85	          96	            0	                 0	          0	
  9748242	  19.85563	       -84	          97	            0	                 0	          0	
  9748292	  19.94802	       -84	          99	            0	                 0	          0	
  9748342	  20.09181	       -84	          97	            0	                 0	          0	
  9748392	  20.07879	       -84	          95	            0	                 0	          0	
  9748442	  20.12315	       -84	          94	            0	                 0	          0	
  9748492	  20.23623	       -84	          95	            0	                 0	          0	
  9748542	  20.24657	       -84	          98	            0	                 0	          0	
  9748592	  20.07647	       -85	          97	            0	                 0	          0	
  9748642	  20.02485	       -85	          93	            0	                 0	          0	
  9748692	  20.14787	       -84	          93	            0	                 0	          0	
  9748742	  20.08524	       -83	          95	            0	                 0	          0	
  9748792	  20.21544	       -83	          98	            0	                 0	          0	
  9748842	  20.42117	       -83	          98	            0	                 0	          0	
  9748892	  20.31828	       -83	          95	            0	                 0	          0	
  9748942	  20.37859	       -83	          96	            0	                 0	          0	
  9748992	  20.18833	       -84	          97	            0	                 0	          0	
  9749042	   20.1916	       -84	          99	            0	                 0	          0	
  9749092	  20.20718	       -84	          98	            0	                 0	          0	
  9749142	  19.95099	       -84	          97	            0	                 0	          0	
  9749192	   19.8784	       -84	          97	            0	                 0	          0	
  9749242	  20.04512	       -85	          98	            0	                 0	          0	
  9749292	   20.3135	       -84	         100	            0	                 0	          0	
  9749342	  20.47132	       -84	         100	            0	                 0	          0	
  9749392	  20.42554	       -84	          95	            0	                 0	          0	
  9749442	  20.22211	       -83	          93	            0	                 0	          0	
  9749492	  20.02959	       -83	          97	            0	                 0	          0	
  9749542	  19.90602	       -83	          99	            0	                 0	          0	
  9749592	  19.81843	       -84	          95	            0	                 0	          0	
  9749642	  19.94374	       -84	          94	            0	                 0	          0	
  9749692	  20.09424	       -84	          96	            0	                 0	          0	
  9749742	  20.17315	       -84	          98	            0	                 0	          0	
  9749792	  19.95849	       -84	          97	            0	                 0	          0	
  9749842	   19.8052	       -83	          95	            0	                 0	          0	
  9749892	   20.1871	       -84	          97	            0	                 0	          0	
  9749942	  19.89487	       -85	          97	            0	                 0	          0	
  9749992	  19.69251	       -84	          97	            0	                 0	          0	
  9750042	  20.30359	       -84	          97	            0	                 0	          0	
  9750092	  20.41494	       -84	          95	            0	                 0	          0	
  9750142	  20.28665	       -84	          96	            0	                 0	          0	
  9750192	  20.41101	       -83	          97	            0	                 0	          0	
  9750242	  20.46432	       -84	          97	            0	                 0	          0	
  9750292	  20.26039	       -84	          99	            0	                 0	          0	
  9750342	  20.22235	       -83	         100	            0	                 0	          0	
  9750392	  20.25648	       -84	          99	            0	                 0	          0	
  9750442	  20.29324	       -84	          99	            0	                 0	          0	
  9750492	  20.34607	       -84	          97	            0	                 0	          0	
  9750542	  20.12734	       -84	          96	            0	                 0	          0	
  9750592	   20.1052	       -84	          96	            0	                 0	          0	
  9750642	  20.16847	       -84	          96	            0	                 0	          0	
  9750692	  20.13481	       -84	          96	            0	                 0	          0	
  9750742	  20.08052	       -84	          99	            0	                 0	          0	
  9750792	  20.03413	       -84	         100	            0	                 0	          0	
  9750842	  19.93439	       -84	          97	            0	                 0	          0	
  9750892	  19.77092	       -84	          98	            0	                 0	          0	
  9750942	  19.93045	       -84	          98	            0	                 0	          0	
  9750992	  20.11957	       -83	          96	            0	                 0	          0	
  9751042	   20.1833	       -83	          97	            0	                 0	          0	
  9751092	  20.31353	       -84	          98	            0	                 0	          0	
  9751142	  20.16652	       -83	          96	            0	                 0	          0	
  9751192	  20.06672	       -83	          95	            0	                 0	          0	
  9751242	  20.16305	       -83	          97	            0	                 0	          0	
  9751292	  19.88874	       -84	          96	            0	                 0	          0	
  9751342	  19.69092	       -84	          93	            0	                 0	          0	
  9751392	   20.1764	       -83	          94	            0	                 0	          0	
  9751442	  20.34831	       -83	          96	            0	                 0	          0	
  9751492	   20.1475	       -83	          97	            0	                 0	          0	
  9751542	  20.23253	       -83	          98	            0	                 0	          0	
  9751592	  19.95395	       -83	          97	            0	                 0	          0	
  9751642	  19.77551	       -83	          96	            0	                 0	          0	
  9751692	   20.0571	       -84	          96	            0	                 0	          0	
  9751742	  20.29121	       -84	          97	            0	                 0	          0	
  9751792	  19.96069	       -84	          98	            0	                 0	          0	
  9751842	  19.77267	       -84	          97	            0	                 0	          0	
  9751892	  19.94613	       -84	          98	            0	                 0	          0	
  9751942	  20.20143	       -83	          98	            0	                 0	          0	
  9751992	  20.12403	       -83	          96	            0	                 0	          0	
  9752042	  19.93795	       -83	          98	            0	                 0	          0	
  9752092	  19.91201	       -84	          99	            0	                 0	          0	
  9752142	  20.11834	       -84	          97	            0	                 0	          0	
  9752192	  20.25427	       -84	          95	            0	                 0	          0	
  9752242	  20.02214	       -83	          95	            0	                 0	          0	
  9752292	   19.9483	       -84	          97	            0	                 0	          0	
  9752342	  19.81598	       -83	          97	            0	                 0	          0	
  9752392	  19.81243	       -84	          98	            0	                 0	          0	
  9752442	  20.16827	       -84	          99	            0	                 0	          0	
  9752492	  20.06335	       -83	          97	            0	                 0	          0	
  9752542	  20.15536	       -83	          97	            0	                 0	          0	
  9752592	  20.23348	       -83	          98	            0	                 0	          0	
  9752642	   19.9021	       -83	          97	            0	                 0	          0	
  9752692	  20.14847	       -83	         100	            0	                 0	          0	
  9752742	  20.19908	       -84	         100	            0	                 0	          0	
  9752792	  19.94802	       -84	          98	            0	                 0	          0	
  9752842	  19.90113	       -84	          98	            0	                 0	          0	
  9752892	  20.33277	       -84	          98	            0	                 0	          0	
  9752942	  20.52101	       -83	          97	            0	                 0	          0	
  9752992	  20.28328	       -83	          97	            0	                 0	          0	
  9753042	  19.79263	       -83	          96	            0	                 0	          0	
  9753092	  19.72157	       -84	          95	            0	                 0	          0	
  9753142	  20.11457	       -84	          97	            0	                 0	          0	
  9753192	  20.10746	       -83	          96	            0	                 0	          0	
  9753242	  20.05519	       -83	          96	            0	                 0	          0	
  9753292	  19.85244	       -84	          97	            0	                 0	          0	
  9753342	  19.94685	       -84	          97	            0	                 0	          0	
  9753392	  20.24866	       -84	         100	            0	                 0	          0	
  9753442	  20.08902	       -84	          98	            0	                 0	          0	
  9753492	  20.03677	       -84	          99	            0	                 0	          0	
  9753542	  20.10238	       -84	          99	            0	                 0	          0	
  9753592	  20.28646	       -84	          97	            0	                 0	          0	
  9753642	  19.97947	       -83	          96	            0	                 0	          0	
  9753692	  19.55762	       -84	          97	            0	                 0	          0	
  9753742	  19.70741	       -83	          96	            0	                 0	          0	
  9753792	  20.06919	       -83	          94	            0	                 0	          0	
  9753842	  20.09536	       -83	          94	            0	                 0	          0	
  9753892	  19.74319	       -83	          95	            0	                 0	          0	
  9753942	  19.70394	       -83	          96	            0	                 0	          0	
  9753992	  19.88086	       -84	          96	            0	                 0	          0	
  9754042	  19.76948	       -84	          98	            0	                 0	          0	
  9754092	  20.02646	       -85	          96	            0	                 0	          0	
  9754142	  20.17233	       -85	          95	            0	                 0	          0	
  9754192	  20.24052	       -84	          97	            0	                 0	          0	
  9754242	  20.42398	       -84	          97	            0	                 0	          0	
  9754292	  19.98207	       -84	          97	            0	                 0	          0	
  9754342	  19.73568	       -84	          95	            0	                 0	          0	
  9754392	  19.91682	       -85	          95	            0	                 0	          0	
  9754442	  20.32496	       -84	          97	            0	                 0	          0	
  9754492	  20.12672	       -83	          99	            0	                 0	          0	
  9754542	  20.03472	       -84	         100	            0	                 0	          0	
  9754592	  20.15797	       -84	         101	            0	                 0	          0	
  9754642	   19.9679	       -84	          98	            0	                 0	          0	
  9754692	  20.20646	       -84	          96	            0	                 0	          0	
  9754742	   20.0626	       -84	          97	            0	                 0	          0	
  9754792	  19.54821	       -84	          96	            0	                 0	          0	
  9754842	  19.41494	       -84	          98	            0	                 0	          0	
  9754892	  19.80485	       -83	          97	            0	                 0	          0	
  9754942	  20.10457	       -82	          97	            0	                 0	          0	
  9754992	  20.10238	       -83	          98	            0	                 0	          0	
  9755042	  19.96636	       -84	          96	            0	                 0	          0	
  9755092	  19.82494	       -83	          97	            0	                 0	          0	
  9755142	   20.0966	       -84	         100	            0	                 0	          0	
  9755192	   20.0348	       -84	          99	            0	                 0	          0	
  9755242	  19.86362	       -84	          95	            0	                 0	          0	
  9755292	  20.15204	       -84	          97	            0	                 0	          0	
  9755342	  20.19675	       -83	          98	            0	                 0	          0	
  9755392	  19.94305	       -83	          95	            0	                 0	          0	
  9755442	  19.85793	       -84	          96	            0	                 0	          0	
  9755492	  19.81659	       -84	          93	            0	                 0	          0	
  9755542	  19.86651	       -84	          93	            0	                 0	          0	
  9755592	  19.97145	       -84	          94	            0	                 0	          0	
  9755642	  19.83391	       -84	          94	            0	                 0	          0	
  9755692	  19.93415	       -84	          94	            0	                 0	          0	
  9755742	  19.76022	       -84	          96	            0	                 0	          0	
  9755792	   19.7655	       -83	          99	            0	                 0	          0	
  9755842	  20.08192	       -82	          97	            0	                 0	          0	
  9755892	  19.87542	       -83	          97	            0	                 0	          0	
  9755942	  19.69696	       -84	          96	            0	                 0	          0	
  9755992	  19.89909	       -84	          95	            0	                 0	          0	
  9756042	  19.94094	       -83	          96	            0	                 0	          0	
  9756092	  19.77235	       -83	          96	            0	                 0	          0	
  9756142	  19.99888	       -83	          98	            0	                 0	          0	
  9756192	  20.20196	       -84	          99	            0	                 0	          0	
  9756242	  20.15458	       -84	          98	            0	                 0	          0	
  9756292	  20.10566	       -83	          98	            0	                 0	          0	
  9756342	  19.99117	       -83	          99	            0	                 0	          0	
  9756392	  19.60471	       -83	          97	            0	                 0	          0	
  9756442	  19.90997	       -84	          97	            0	                 0	          0	
  9756492	  20.41986	       -84	          99	            0	                 0	          0	
  9756542	  20.33591	       -84	          98	            0	                 0	          0	
  9756592	  20.07759	       -84	          97	            0	                 0	          0	
  9756642	  19.74993	       -84	          95	            0	                 0	          0	
  9756692	  19.76923	       -83	          95	            0	                 0	          0	
  9756742	  20.00929	       -83	          95	            0	                 0	          0	
  9756792	  20.24804	       -83	          96	            0	                 0	          0	
  9756842	  19.93243	       -83	          95	            0	                 0	          0	
  9756892	  19.70976	       -83	          95	            0	                 0	          0	
  9756942	  19.78831	       -84	          95	            0	                 0	          0	
  9756992	  19.97886	       -84	          98	            0	                 0	          0	
  9757042	  20.19283	       -83	          99	            0	                 0	          0	
  9757092	   19.9956	       -82	          96	            0	                 0	          0	
  9757142	  19.86638	       -83	          95	            0	                 0	          0	
  9757192	  19.92064	       -83	          97	            0	                 0	          0	
  9757242	  19.90007	       -83	          97	            0	                 0	          0	
  9757292	  19.80003	       -82	          97	            0	                 0	          0	
  9757342	  19.85493	       -82	          97	            0	                 0	          0	
  9757392	  19.75204	       -84	          95	            0	                 0	          0	
  9757442	  19.80756	       -84	          95	            0	                 0	          0	
  9757492	  19.87338	       -82	          95	            0	                 0	          0	
  9757542	  19.79986	       -83	          96	            0	                 0	          0	
  9757592	  19.87289	       -83	          95	            0	                 0	          0	
  9757642	  20.00036	       -83	          94	            0	                 0	          0	
  9757692	  20.04839	       -83	          97	            0	                 0	          0	
  9757742	  19.79448	       -83	          97	            0	                 0	          0	
  9757792	   19.5117	       -83	          96	            0	                 0	          0	
  9757842	  19.73274	       -83	          97	            0	                 0	          0	
  9757892	  19.86991	       -84	          96	            0	                 0	          0	
  9757942	  19.67216	       -84	          97	            0	                 0	          0	
  9757992	  19.75153	       -83	          98	            0	                 0	          0	
  9758042	  19.82492	       -83	          98	            0	                 0	          0	
  9758092	  20.06917	       -83	          98	            0	                 0	          0	
  9758142	  20.23426	       -83	          97	            0	                 0	          0	
  9758192	  20.10447	       -84	          95	            0	                 0	          0	
  9758242	  19.91875	       -84	          95	            0	                 0	          0	
  9758292	  19.85012	       -84	          98	            0	                 0	          0	
  9758342	   20.0631	       -84	         101	            0	                 0	          0	
  9758392	  19.93788	       -84	          99	            0	                 0	          0	
  9758442	  19.85488	       -83	          96	            0	                 0	          0	
  9758492	  19.85528	       -83	          97	            0	                 0	          0	
  9758542	  19.73759	       -84	          98	            0	                 0	          0	
  9758592	  19.72119	       -84	          96	            0	                 0	          0	
  9758642	   19.9544	       -84	          94	            0	                 0	          0	
  9758692	  20.07376	       -84	          97	            0	                 0	          0	
  9758742	  20.15829	       -83	         100	            0	                 0	          0	
  9758792	  20.04456	       -84	          99	            0	                 0	          0	
  9758842	  19.96936	       -83	          99	            0	                 0	          0	
  9758892	  19.58793	       -83	          96	            0	                 0	          0	
  9758942	   19.5771	       -84	          94	            0	                 0	          0	
  9758992	  19.99432	       -84	          96	            0	                 0	          0	
  9759042	  20.03535	       -84	          94	            0	                 0	          0	
  9759092	  19.81029	       -84	          92	            0	                 0	          0	
  9759142	  19.81364	       -83	          93	            0	                 0	          0	
  9759192	  19.78924	       -84	          94	            0	                 0	          0	
  9759242	  19.70992	       -85	          95	            0	                 0	          0	
  9759292	  19.97792	       -84	          97	            0	                 0	          0	
  9759342	   20.2921	       -83	          97	            0	                 0	          0	
  9759392	  20.32907	       -83	          97	            0	                 0	          0	
  9759442	  20.09674	       -82	          97	            0	                 0	          0	
  9759492	  20.18445	       -82	          95	            0	                 0	          0	
  9759542	  20.06316	       -83	          93	            0	                 0	          0	
  9759592	   19.9604	       -83	          95	            0	                 0	          0	
  9759642	  19.93135	       -83	          99	            0	                 0	          0	
  9759692	  19.65317	       -84	          99	            0	                 0	          0	
  9759742	  19.70389	       -84	          97	            0	                 0	          0	
  9759792	  20.14795	       -83	          96	            0	                 0	          0	
  9759842	   20.1139	       -84	          98	            0	                 0	          0	
  9759892	  19.93606	       -83	          99	            0	                 0	          0	
  9759942	  19.78727	       -83	          98	            0	                 0	          0	
  9759992	  20.02974	       -84	          99	            0	                 0	          0	
  9760042	  20.24455	       -83	         101	            0	                 0	          0	
  9760092	  20.01807	       -84	          97	            0	                 0	          0	
  9760142	  20.06028	       -84	          95	            0	                 0	          0	
  9760192	  19.74129	       -84	          94	            0	                 0	          0	
  9760242	   19.7718	       -83	          93	            0	                 0	          0	
  9760292	  20.00977	       -83	          94	            0	                 0	          0	
  9760342	  19.94874	       -83	          97	            0	                 0	          0	
  9760392	  19.69116	       -83	          97	            0	                 0	          0	
  9760442	  19.69053	       -83	          97	            0	                 0	          0	
  9760492	  19.96136	       -84	          98	            0	                 0	          0	
  9760542	  19.79008	       -83	          95	            0	                 0	          0	
  9760592	  19.50373	       -83	          95	            0	                 0	          0	
  9760642	  19.71995	       -83	          97	            0	                 0	          0	
  9760692	  20.25226	       -84	          97	            0	                 0	          0	
  9760742	  20.03856	       -84	          95	            0	                 0	          0	
  9760792	  19.81413	       -83	          94	            0	                 0	          0	
  9760842	  19.69832	       -84	          96	            0	                 0	          0	
  9760892	  19.83932	       -84	          95	            0	                 0	          0	
  9760942	  19.99035	       -84	          94	            0	                 0	          0	
  9760992	  19.74869	       -83	          95	            0	                 0	          0	
  9761042	  19.68089	       -84	          97	            0	                 0	          0	
  9761092	  19.75491	       -83	          97	            0	                 0	          0	
  9761142	  20.01495	       -83	          96	            0	                 0	          0	
  9761192	  20.08183	       -84	          96	            0	                 0	          0	
  9761242	  19.95674	       -84	          95	            0	                 0	          0	
  9761292	  19.91235	       -83	          96	            0	                 0	          0	
  9761342	  19.67641	       -84	          96	            0	                 0	          0	
  9761392	  19.80652	       -85	          96	            0	                 0	          0	
  9761442	  20.06255	       -84	          96	            0	                 0	          0	
  9761492	  20.06749	       -83	          94	            0	                 0	          0	
  9761542	  20.00625	       -84	          94	            0	                 0	          0	
  9761592	  19.61647	       -84	          96	            0	                 0	          0	
  9761642	  19.48028	       -83	          95	            0	                 0	          0	
  9761692	  19.70362	       -84	          94	            0	                 0	          0	
  9761742	  19.91094	       -84	          95	            0	                 0	          0	
  9761792	  19.93724	       -83	          96	            0	                 0	          0	
  9761842	  19.95251	       -83	          98	            0	                 0	          0	
  9761892	  20.09624	       -83	          98	            0	                 0	          0	
  9761942	  20.10818	       -83	          98	            0	                 0	          0	
  9761992	  20.01523	       -83	          94	            0	                 0	          0	
  9762042	  19.66008	       -83	          96	            0	                 0	          0	
  9762092	  19.57989	       -82	         100	            0	                 0	          0	
  9762142	  19.82905	       -82	          99	            0	                 0	          0	
  9762192	  19.83528	       -84	          99	            0	                 0	          0	
  9762242	  19.75836	       -83	          98	            0	                 0	          0	
  9762292	  19.95117	       -83	          98	            0	                 0	          0	
  9762342	  19.89173	       -84	          96	            0	                 0	          0	
  9762392	  19.57392	       -85	          96	            0	                 0	          0	
  9762442	  19.86041	       -85	          96	            0	                 0	          0	
  9762492	  20.14196	       -84	          97	            0	                 0	          0	
  9762542	  19.91979	       -84	          95	            0	                 0	          0	
  9762592	  19.74825	       -84	          94	            0	                 0	          0	
  9762642	  19.77962	       -83	          95	            0	                 0	          0	
  9762692	  19.82176	       -83	          94	            0	                 0	          0	
  9762742	  19.81999	       -83	          98	            0	                 0	          0	
  9762792	   19.8571	       -83	         100	            0	                 0	          0	
  9762842	  19.88721	       -84	          98	            0	                 0	          0	
  9762892	  20.00691	       -84	          98	            0	                 0	          0	
  9762942	  19.90398	       -84	          98	            0	                 0	          0	
  9762992	  19.92158	       -84	          97	            0	                 0	          0	
  9763042	  20.03919	       -83	          95	            0	                 0	          0	
  9763092	  20.11652	       -84	          97	            0	                 0	          0	
  9763142	  20.06252	       -84	          98	            0	                 0	          0	
  9763192	  19.85851	       -84	          95	            0	                 0	          0	
  9763242	  19.90469	       -83	          96	            0	                 0	          0	
  9763292	   20.0257	       -82	          96	            0	                 0	          0	
  9763342	  19.90586	       -82	          96	            0	                 0	          0	
  9763392	  19.84024	       -83	          96	            0	                 0	          0	
  9763442	  20.05276	       -83	          97	            0	                 0	          0	
  9763492	  20.08615	       -84	          98	            0	                 0	          0	
  9763542	  19.95736	       -84	          98	            0	                 0	          0	
  9763592	  19.88297	       -83	          98	            0	                 0	          0	
  9763642	  19.80084	       -83	          98	            0	                 0	          0	
  9763692	  19.71175	       -83	          98	            0	                 0	          0	
  9763742	  19.93245	       -84	          98	            0	                 0	          0	
  9763792	  20.04325	       -83	          98	            0	                 0	          0	
  9763842	  19.95765	       -83	          97	            0	                 0	          0	
  9763892	  20.00089	       -84	          97	            0	                 0	          0	
  9763942	  19.84215	       -84	          97	            0	                 0	          0	
  9763992	  19.80133	       -84	         100	            0	                 0	          0	
  9764042	  19.84006	       -84	         100	            0	                 0	          0	
  9764092	  19.77508	       -83	          98	            0	                 0	          0	
  9764142	  19.83747	       -84	          97	            0	                 0	          0	
  9764192	  19.71251	       -84	          97	            0	                 0	          0	
  9764242	  19.48004	       -84	          97	            0	                 0	          0	
  9764292	   19.7472	       -84	          98	            0	                 0	          0	
  9764342	  19.88198	       -84	          99	            0	                 0	          0	
  9764392	  20.01867	       -83	          98	            0	                 0	          0	
  9764442	  20.15254	       -83	          98	            0	                 0	          0	
  9764492	  19.78536	       -83	          99	            0	                 0	          0	
  9764542	  19.87998	       -83	          98	            0	                 0	          0	
  9764592	  19.91426	       -84	          94	            0	                 0	          0	
  9764642	  19.81268	       -83	          94	            0	                 0	          0	
  9764692	  19.76126	       -83	          98	            0	                 0	          0	
  9764742	   19.9651	       -83	          97	            0	                 0	          0	
  9764792	  19.95519	       -84	          97	            0	                 0	          0	
  9764842	  19.87398	       -84	          97	            0	                 0	          0	
  9764892	   20.2023	       -83	          99	            0	                 0	          0	
  9764942	  20.07803	       -83	          99	            0	                 0	          0	
  9764992	  20.14811	       -84	          98	            0	                 0	          0	
  9765042	   20.2177	       -84	          99	            0	                 0	          0	
  9765092	  20.29911	       -83	         100	            0	                 0	          0	
  9765142	  20.31431	       -83	          99	            0	                 0	          0	
  9765192	  20.48652	       -83	          98	            0	                 0	          0	
  9765242	  20.10196	       -83	          97	            0	                 0	          0	
  9765292	  19.69605	       -84	          97	            0	                 0	          0	
  9765342	  20.11722	       -83	          96	            0	                 0	          0	
  9765392	  19.89802	       -84	          97	            0	                 0	          0	
  9765442	  19.65854	       -84	          97	            0	                 0	          0	
  9765492	  19.70444	       -83	          97	            0	                 0	          0	
  9765542	  19.70433	       -83	          96	            0	                 0	          0	
  9765592	  19.73623	       -82	          94	            0	                 0	          0	
  9765642	  19.78411	       -82	          93	            0	                 0	          0	
  9765692	  20.15754	       -83	          97	            0	                 0	          0	
  9765742	  20.28863	       -83	          99	            0	                 0	          0	
  9765792	  19.88752	       -84	          98	            0	                 0	          0	
  9765842	   19.8502	       -84	          97	            0	                 0	          0	
  9765892	   19.8894	       -85	          98	            0	                 0	          0	
  9765942	  19.81303	       -85	          99	            0	                 0	          0	
  9765992	  19.86488	       -84	          98	            0	                 0	          0	
  9766042	  19.77281	       -84	          99	            0	                 0	          0	
  9766092	  19.82721	       -84	          98	            0	                 0	          0	
  9766142	  19.92178	       -83	          99	            0	                 0	          0	
  9766192	  19.72421	       -83	          99	            0	                 0	          0	
  9766242	  19.65091	       -83	          97	            0	                 0	          0	
  9766292	  19.66813	       -83	          96	            0	                 0	          0	
  9766342	  20.04325	       -84	          97	            0	                 0	          0	
  9766392	  20.30667	       -83	          97	            0	                 0	          0	
  9766442	  20.09716	       -83	          95	            0	                 0	          0	
  9766492	   20.1096	       -84	          99	            0	                 0	          0	
  9766542	  20.18401	       -84	         102	            0	                 0	          0	
  9766592	  19.75579	       -84	          96	            0	                 0	          0	
  9766642	  19.56095	       -84	          95	            0	                 0	          0	
  9766692	  19.87419	       -83	          97	            0	                 0	          0	
  9766742	  20.05202	       -84	          97	            0	                 0	          0	
  9766792	  19.97713	       -84	          98	            0	                 0	          0	
  9766842	   19.9721	       -83	          98	            0	                 0	          0	
  9766892	  19.85517	       -83	          99	            0	                 0	          0	
  9766942	  19.63412	       -84	          97	            0	                 0	          0	
  9766992	  19.96413	       -84	          99	            0	                 0	          0	
  9767042	  19.91485	       -84	         100	            0	                 0	          0	
  9767092	  19.63983	       -83	          97	            0	                 0	          0	
  9767142	  19.66322	       -84	          94	            0	                 0	          0	
  9767192	  19.61485	       -84	          94	            0	                 0	          0	
  9767242	  19.69224	       -84	          97	            0	                 0	          0	
  9767292	  19.88379	       -84	          96	            0	                 0	          0	
  9767342	  20.29352	       -83	          96	            0	                 0	          0	
  9767392	  20.08305	       -84	          98	            0	                 0	          0	
  9767442	  19.83538	       -84	          98	            0	                 0	          0	
  9767492	  20.14651	       -83	          99	            0	                 0	          0	
  9767542	  20.22511	       -83	          99	            0	                 0	          0	
  9767592	  20.05037	       -83	          97	            0	                 0	          0	
  9767642	   20.2482	       -84	          98	            0	                 0	          0	
  9767692	  20.05719	       -84	          98	            0	                 0	          0	
  9767742	  19.77249	       -83	          97	            0	                 0	          0	
  9767792	  20.04649	       -83	          98	            0	                 0	          0	
  9767842	  20.00257	       -83	         100	            0	                 0	          0	
  9767892	  19.79495	       -84	          99	            0	                 0	          0	
  9767942	  19.74306	       -84	          97	            0	                 0	          0	
  9767992	  19.98824	       -83	          96	            0	                 0	          0	
  9768042	  20.11106	       -83	          95	            0	                 0	          0	
  9768092	  19.95813	       -84	          96	            0	                 0	          0	
  9768142	  19.85487	       -84	          97	            0	                 0	          0	
  9768192	  19.79204	       -83	          97	            0	                 0	          0	
  9768242	  19.71808	       -83	          95	            0	                 0	          0	
  9768292	  19.82739	       -83	          95	            0	                 0	          0	
  9768342	  19.81045	       -83	          97	            0	                 0	          0	
  9768392	  19.93594	       -83	          98	            0	                 0	          0	
  9768442	  20.16187	       -84	          96	            0	                 0	          0	
  9768492	   19.9877	       -84	          99	            0	                 0	          0	
  9768542	  19.94649	       -84	         100	            0	                 0	          0	
  9768592	  20.02582	       -84	          99	            0	                 0	          0	
  9768642	  19.87318	       -83	          98	            0	                 0	          0	
  9768692	  19.77837	       -83	          94	            0	                 0	          0	
  9768742	  20.00178	       -83	          96	            0	                 0	          0	
  9768792	  19.95864	       -83	          99	            0	                 0	          0	
  9768842	  19.88869	       -83	          99	            0	                 0	          0	
  9768892	   20.1827	       -83	         100	            0	                 0	          0	
  9768942	  20.03923	       -83	          98	            0	                 0	          0	
  9768992	  20.01753	       -83	          95	            0	                 0	          0	
  9769042	  20.05681	       -82	          98	            0	                 0	          0	
  9769092	  20.11083	       -83	         100	            0	                 0	          0	
  9769142	  20.16355	       -83	          99	            0	                 0	          0	
  9769192	  19.87896	       -83	          99	            0	                 0	          0	
  9769242	  19.93919	       -83	          97	            0	                 0	          0	
  9769292	  20.32893	       -84	          96	            0	                 0	          0	
  9769342	  20.37106	       -82	          99	            0	                 0	          0	
  9769392	  20.17511	       -83	          98	            0	                 0	          0	
  9769442	  20.20578	       -84	          97	            0	                 0	          0	
  9769492	  20.15985	       -83	          97	            0	                 0	          0	
  9769542	  20.17394	       -83	          97	            0	                 0	          0	
  9769592	  19.99388	       -83	          97	            0	                 0	          0	
  9769642	  19.95969	       -84	         100	            0	                 0	          0	
  9769692	  20.03701	       -84	         101	            0	                 0	          0	
  9769742	  19.83385	       -84	          98	            0	                 0	          0	
  9769792	   20.0339	       -83	          96	            0	                 0	          0	
  9769842	  20.27886	       -83	          98	            0	                 0	          0	
  9769892	  20.13019	       -82	          98	            0	                 0	          0	
  9769942	  19.91592	       -83	          98	            0	                 0	          0	
  9769992	  19.65825	       -84	          97	            0	                 0	          0	
  9770042	  19.92054	       -84	          94	            0	                 0	          0	
  9770092	  20.07345	       -83	          97	            0	                 0	          0	
  9770142	  19.98905	       -84	          99	            0	                 0	          0	
  9770192	  19.90256	       -84	          98	            0	                 0	          0	
  9770242	  19.98574	       -84	          97	            0	                 0	          0	
  9770292	  19.88793	       -84	          96	            0	                 0	          0	
  9770342	  19.53937	       -84	          95	            0	                 0	          0	
  9770392	  19.35517	       -84	          95	            0	                 0	          0	
  9770442	  19.36985	       -83	          95	            0	                 0	          0	
  9770492	  19.62782	       -83	          95	            0	                 0	          0	
  9770542	  19.51237	       -85	          96	            0	                 0	          0	
  9770592	  19.64686	       -85	          98	            0	                 0	          0	
  9770642	  19.89625	       -84	          97	            0	                 0	          0	
  9770692	  19.80822	       -84	          95	            0	                 0	          0	
  9770742	  19.88172	       -83	          96	            0	                 0	          0	
  9770792	  20.05015	       -83	          99	            0	                 0	          0	
  9770842	  20.26721	       -84	          97	            0	                 0	          0	
  9770892	  20.39062	       -84	          98	            0	                 0	          0	
  9770942	  20.06028	       -84	          98	            0	                 0	          0	
  9770992	  19.99122	       -85	          99	            0	                 0	          0	
  9771042	  20.21918	       -84	         103	            0	                 0	          0	
  9771092	  20.13513	       -84	         102	            0	                 0	          0	
  9771142	  19.94134	       -84	          99	            0	                 0	          0	
  9771192	  19.78879	       -84	          99	            0	                 0	          0	
  9771242	    20.097	       -85	          99	            0	                 0	          0	
  9771292	  20.25068	       -85	         100	            0	                 0	          0	
  9771342	  20.22467	       -85	         100	            0	                 0	          0	
  9771392	  20.29245	       -84	          99	            0	                 0	          0	
  9771442	  20.18661	       -84	          99	            0	                 0	          0	
  9771492	  19.95897	       -84	          97	            0	                 0	          0	
  9771542	  19.88803	       -83	          99	            0	                 0	          0	
  9771592	  20.07779	       -83	         100	            0	                 0	          0	
  9771642	  19.95785	       -84	          97	            0	                 0	          0	
  9771692	  19.66267	       -84	          97	            0	                 0	          0	
  9771742	  19.83405	       -84	          97	            0	                 0	          0	
  9771792	  20.11809	       -84	          97	            0	                 0	          0	
  9771842	  20.26413	       -84	          96	            0	                 0	          0	
  9771892	  20.11289	       -85	          96	            0	                 0	          0	
  9771942	  19.89731	       -84	          98	            0	                 0	          0	
  9771992	  20.01345	       -84	         101	            0	                 0	          0	
  9772042	  19.99282	       -85	         103	            0	                 0	          0	
  9772092	  20.12912	       -84	         101	            0	                 0	          0	
  9772142	  20.19965	       -85	         100	            0	                 0	          0	
  9772192	  20.02946	       -85	          98	            0	                 0	          0	
  9772242	  19.83918	       -84	          96	            0	                 0	          0	
  9772292	  20.01923	       -84	          96	            0	                 0	          0	
  9772342	   20.1514	       -84	          96	            0	                 0	          0	
  9772392	   19.9287	       -83	          97	            0	                 0	          0	
  9772442	  20.20135	       -83	         100	            0	                 0	          0	
  9772492	  20.42543	       -84	         101	            0	                 0	          0	
  9772542	  20.27621	       -84	          99	            0	                 0	          0	
  9772592	  19.90673	       -84	          98	            0	                 0	          0	
  9772642	  20.02404	       -84	          98	            0	                 0	          0	
  9772692	  19.99255	       -85	          99	            0	                 0	          0	
  9772742	  19.82771	       -84	         100	            0	                 0	          0	
  9772792	  20.11808	       -84	          99	            0	                 0	          0	
  9772842	  20.27538	       -84	          98	            0	                 0	          0	
  9772892	  20.35166	       -84	          98	            0	                 0	          0	
  9772942	  20.33809	       -83	          99	            0	                 0	          0	
  9772992	  20.15977	       -84	          98	            0	                 0	          0	
  9773042	  20.04655	       -83	          98	            0	                 0	          0	
  9773092	  20.18376	       -83	          99	            0	                 0	          0	
  9773142	  20.37648	       -83	          98	            0	                 0	          0	
  9773192	  20.18279	       -84	          98	            0	                 0	          0	
  9773242	   20.0943	       -83	          99	            0	                 0	          0	
  9773292	  20.09991	       -83	          96	            0	                 0	          0	
  9773342	  19.91523	       -83	          96	            0	                 0	          0	
  9773392	   20.1377	       -84	          99	            0	                 0	          0	
  9773442	  20.39715	       -84	         102	            0	                 0	          0	
  9773492	  20.16312	       -84	         102	            0	                 0	          0	
  9773542	  20.06701	       -84	          97	            0	                 0	          0	
  9773592	  20.19942	       -83	          99	            0	                 0	          0	
  9773642	  20.04566	       -83	          98	            0	                 0	          0	
  9773692	  19.89159	       -84	          95	            0	                 0	          0	
  9773742	  19.66909	       -84	          98	            0	                 0	          0	
  9773792	  19.85587	       -84	         100	            0	                 0	          0	
  9773842	  19.98882	       -84	          98	            0	                 0	          0	
  9773892	  19.95248	       -83	          99	            0	                 0	          0	
  9773942	  19.99195	       -84	         101	            0	                 0	          0	
  9773992	  20.24142	       -84	          98	            0	                 0	          0	
  9774042	  20.38513	       -84	          96	            0	                 0	          0	
  9774092	  20.04992	       -84	          96	            0	                 0	          0	
  9774142	   19.7109	       -83	          96	            0	                 0	          0	
  9774192	  19.65991	       -85	          97	            0	                 0	          0	
  9774242	  20.05397	       -84	          99	            0	                 0	          0	
  9774292	  19.89732	       -84	          97	            0	                 0	          0	
  9774342	  19.66801	       -83	          95	            0	                 0	          0	
  9774392	  19.86722	       -83	          97	            0	                 0	          0	
  9774442	  20.10453	       -83	          99	            0	                 0	          0	
  9774492	   20.1409	       -83	          98	            0	                 0	          0	
  9774542	  20.21322	       -84	          97	            0	                 0	          0	
  9774592	  20.23757	       -85	          99	            0	                 0	          0	
  9774642	  19.88538	       -85	          99	            0	                 0	          0	
  9774692	  19.80722	       -84	          93	            0	                 0	          0	
  9774742	  20.01094	       -84	          94	            0	                 0	          0	
  9774792	  19.90766	       -84	          99	            0	                 0	          0	
  9774842	  19.84695	       -85	          98	            0	                 0	          0	
  9774892	  20.20325	       -85	          98	            0	                 0	          0	
  9774942	  20.29664	       -84	         101	            0	                 0	          0	
  9774992	  20.07471	       -84	         100	            0	                 0	          0	
  9775042	  20.21558	       -84	         102	            0	                 0	          0	
  9775092	   20.5439	       -84	         102	            0	                 0	          0	
  9775142	  20.31023	       -84	          99	            0	                 0	          0	
  9775192	  19.78217	       -85	          99	            0	                 0	          0	
  9775242	  19.85799	       -84	          99	            0	                 0	          0	
  9775292	  20.18905	       -84	         100	            0	                 0	          0	
  9775342	  19.77905	       -84	         101	            0	                 0	          0	
  9775392	  19.65766	       -84	          99	            0	                 0	          0	
  9775442	  20.19748	       -84	          98	            0	                 0	          0	
  9775492	  20.36272	       -85	          97	            0	                 0	          0	
  9775542	  20.00049	       -85	          98	            0	                 0	          0	
  9775592	  19.80928	       -85	          97	            0	                 0	          0	
  9775642	  19.86655	       -84	          95	            0	                 0	          0	
  9775692	  19.76605	       -85	          97	            0	                 0	          0	
  9775742	  19.95754	       -85	          98	            0	                 0	          0	
  9775792	  20.10866	       -83	          98	            0	                 0	          0	
  9775842	  19.93205	       -83	          99	            0	                 0	          0	
  9775892	  20.06844	       -83	          96	            0	                 0	          0	
  9775942	  20.18251	       -84	          97	            0	                 0	          0	
  9775992	  20.17991	       -85	         100	            0	                 0	          0	
  9776042	  19.88981	       -84	          97	            0	                 0	          0	
  9776092	  19.62968	       -84	          93	            0	                 0	          0	
  9776142	   19.6806	       -85	          98	            0	                 0	          0	
  9776192	  19.97595	       -85	         102	            0	                 0	          0	
  9776242	  19.90771	       -84	          98	            0	                 0	          0	
  9776292	  19.53575	       -84	          97	            0	                 0	          0	
  9776342	   19.6231	       -84	          98	            0	                 0	          0	
  9776392	  19.75492	       -84	          98	            0	                 0	          0	
  9776442	  19.90016	       -84	          99	            0	                 0	          0	
  9776492	  19.91596	       -84	          97	            0	                 0	          0	
  9776542	  20.10156	       -84	          97	            0	                 0	          0	
  9776592	  20.28808	       -84	          99	            0	                 0	          0	
  9776642	  20.25896	       -84	         101	            0	                 0	          0	
  9776692	  20.02952	       -84	         101	            0	                 0	          0	
  9776742	  19.69683	       -84	          98	            0	                 0	          0	
  9776792	  20.03268	       -84	          99	            0	                 0	          0	
  9776842	   20.0452	       -84	         100	            0	                 0	          0	
  9776892	  19.82737	       -85	          98	            0	                 0	          0	
  9776942	  19.94374	       -85	          96	            0	                 0	          0	
  9776992	  20.06309	       -84	          96	            0	                 0	          0	
  9777042	  20.00004	       -84	          98	            0	                 0	          0	
  9777092	  20.08199	       -84	          97	            0	                 0	          0	
  9777142	   20.3127	       -85	          99	            0	                 0	          0	
  9777192	  19.90562	       -84	         100	            0	                 0	          0	
  9777242	  19.71131	       -83	         100	            0	                 0	          0	
  9777292	  19.95822	       -83	         102	            0	                 0	          0	
  9777342	  19.98244	       -84	         100	            0	                 0	          0	
  9777392	  20.16111	       -84	         100	            0	                 0	          0	
  9777442	  19.88041	       -84	          98	            0	                 0	          0	
  9777492	  19.84183	       -84	          95	            0	                 0	          0	
  9777542	  20.03275	       -85	         100	            0	                 0	          0	
  9777592	  19.75423	       -85	         101	            0	                 0	          0	
  9777642	  19.75919	       -84	          98	            0	                 0	          0	
  9777692	  19.97154	       -85	          97	            0	                 0	          0	
  9777742	  20.02005	       -85	          98	            0	                 0	          0	
  9777792	  20.01253	       -84	          98	            0	                 0	          0	
  9777842	  19.97536	       -84	          98	            0	                 0	          0	
  9777892	  20.01949	       -85	          99	            0	                 0	          0	
  9777942	  19.85024	       -85	          96	            0	                 0	          0	
  9777992	  19.74941	       -84	          93	            0	                 0	          0	
  9778042	  19.63432	       -84	          95	            0	                 0	          0	
  9778092	  19.51954	       -84	          97	            0	                 0	          0	
  9778142	  19.69605	       -84	          98	            0	                 0	          0	
  9778192	  20.03233	       -83	         100	            0	                 0	          0	
  9778242	  19.96836	       -84	          99	            0	                 0	          0	
  9778292	  19.57323	       -84	          95	            0	                 0	          0	
  9778342	  19.56637	       -84	          98	            0	                 0	          0	
  9778392	  19.86026	       -85	         100	            0	                 0	          0	
  9778442	  20.16641	       -85	         100	            0	                 0	          0	
  9778492	  20.28312	       -84	          99	            0	                 0	          0	
  9778542	  19.98424	       -84	          97	            0	                 0	          0	
  9778592	  19.85149	       -83	          99	            0	                 0	          0	
  9778642	  19.96526	       -84	          99	            0	                 0	          0	
  9778692	  19.94106	       -84	          99	            0	                 0	          0	
  9778742	  20.14405	       -83	          99	            0	                 0	          0	
  9778792	  20.27543	       -84	          98	            0	                 0	          0	
  9778842	  19.93454	       -84	          98	            0	                 0	          0	
  9778892	  19.58868	       -84	          95	            0	                 0	          0	
  9778942	  19.61277	       -84	          94	            0	                 0	          0	
  9778992	  19.88249	       -85	          95	            0	                 0	          0	
  9779042	  19.96562	       -85	          97	            0	                 0	          0	
  9779092	  19.87624	       -85	          99	            0	                 0	          0	
  9779142	  19.60563	       -84	          98	            0	                 0	          0	
  9779192	  19.56584	       -84	          95	            0	                 0	          0	
  9779242	  19.98457	       -83	          96	            0	                 0	          0	
  9779292	  19.88653	       -83	          96	            0	                 0	          0	
  9779342	  19.90289	       -84	          98	            0	                 0	          0	
  9779392	  20.25401	       -84	         101	            0	                 0	          0	
  9779442	  20.15539	       -85	         100	            0	                 0	          0	
  9779492	  20.15013	       -85	         100	            0	                 0	          0	
  9779542	  19.94679	       -84	          99	            0	                 0	          0	
  9779592	  20.01529	       -84	          98	            0	                 0	          0	
  9779642	  20.11115	       -84	          98	            0	                 0	          0	
  9779692	  19.97511	       -84	          97	            0	                 0	          0	
  9779742	  19.88944	       -85	          98	            0	                 0	          0	
  9779792	  19.43164	       -84	          96	            0	                 0	          0	
  9779842	   19.5784	       -84	          97	            0	                 0	          0	
  9779892	  20.00253	       -83	          98	            0	                 0	          0	
  9779942	  20.01549	       -83	          97	            0	                 0	          0	
  9779992	  20.13477	       -85	          99	            0	                 0	          0	
  9780042	  20.14236	       -85	         100	            0	                 0	          0	
  9780092	   20.1616	       -84	         100	            0	                 0	          0	
  9780142	  20.12494	       -84	          98	            0	                 0	          0	
  9780192	  20.20983	       -84	          98	            0	                 0	          0	
  9780242	  20.05767	       -84	          97	            0	                 0	          0	
  9780292	  19.72462	       -83	          96	            0	                 0	          0	
  9780342	  19.63384	       -83	          98	            0	                 0	          0	
  9780392	  19.69733	       -83	          99	            0	                 0	          0	
  9780442	  19.81278	       -84	          98	            0	                 0	          0	
  9780492	  19.88135	       -84	          99	            0	                 0	          0	
  9780542	  19.77446	       -83	         100	            0	                 0	          0	
  9780592	  19.75999	       -84	          99	            0	                 0	          0	
  9780642	  19.90739	       -83	          99	            0	                 0	          0	
  9780692	  19.86848	       -83	          96	            0	                 0	          0	
  9780742	  19.89325	       -84	          95	            0	                 0	          0	
  9780792	  20.03836	       -84	          96	            0	                 0	          0	
  9780842	  19.82816	       -84	          95	            0	                 0	          0	
  9780892	   19.5514	       -84	          96	            0	                 0	          0	
  9780942	  19.62941	       -83	          95	            0	                 0	          0	
  9780992	   19.6243	       -83	          95	            0	                 0	          0	
  9781042	  19.72914	       -83	          97	            0	                 0	          0	
  9781092	  19.81139	       -84	         100	            0	                 0	          0	
  9781142	  19.88972	       -85	          98	            0	                 0	          0	
  9781192	  19.88776	       -84	          98	            0	                 0	          0	
  9781242	  19.62479	       -84	          98	            0	                 0	          0	
  9781292	  19.71499	       -84	          95	            0	                 0	          0	
  9781342	  19.99759	       -83	          96	            0	                 0	          0	
  9781392	  19.98125	       -84	          96	            0	                 0	          0	
  9781442	  19.36053	       -85	          96	            0	                 0	          0	
  9781492	  19.47569	       -84	         100	            0	                 0	          0	
  9781542	  19.81651	       -84	          99	            0	                 0	          0	
  9781592	  19.83349	       -83	          95	            0	                 0	          0	
  9781642	  20.01238	       -82	          96	            0	                 0	          0	
  9781692	  19.87599	       -83	          97	            0	                 0	          0	
  9781742	   20.0226	       -84	          97	            0	                 0	          0	
  9781792	  19.90364	       -83	          99	            0	                 0	          0	
  9781842	  19.80095	       -83	          98	            0	                 0	          0	
  9781892	  20.04512	       -83	          97	            0	                 0	          0	
  9781942	  19.82189	       -83	          96	            0	                 0	          0	
  9781992	  19.73908	       -83	          96	            0	                 0	          0	
  9782042	  19.89579	       -83	          99	            0	                 0	          0	
  9782092	  19.91194	       -83	         100	            0	                 0	          0	
  9782142	  19.77545	       -83	          98	            0	                 0	          0	
  9782192	  19.94571	       -83	          98	            0	                 0	          0	
  9782242	  19.83574	       -85	          98	            0	                 0	          0	
  9782292	  19.54494	       -85	          96	            0	                 0	          0	
  9782342	  19.97167	       -84	          95	            0	                 0	          0	
  9782392	  19.94374	       -84	          98	            0	                 0	          0	
  9782442	  19.85577	       -84	          99	            0	                 0	          0	
  9782492	  20.05343	       -84	          99	            0	                 0	          0	
  9782542	  20.07302	       -84	          98	            0	                 0	          0	
  9782592	   20.0619	       -84	          98	            0	                 0	          0	
  9782642	  20.00108	       -84	          98	            0	                 0	          0	
  9782692	  19.77702	       -83	          97	            0	                 0	          0	
  9782742	  19.35102	       -83	          97	            0	                 0	          0	
  9782792	  19.66932	       -84	          97	            0	                 0	          0	
  9782842	  20.03632	       -85	          96	            0	                 0	          0	
  9782892	  20.02009	       -85	          96	            0	                 0	          0	
  9782942	   20.0335	       -85	          98	            0	                 0	          0	
  9782992	  20.03811	       -84	          98	            0	                 0	          0	
  9783042	  20.23897	       -84	          99	            0	                 0	          0	
  9783092	  20.07975	       -85	          99	            0	                 0	          0	
  9783142	  19.81911	       -85	          97	            0	                 0	          0	
  9783192	  19.82851	       -84	          99	            0	                 0	          0	
  9783242	  19.84129	       -83	          99	            0	                 0	          0	
  9783292	  20.01242	       -83	          99	            0	                 0	          0	
  9783342	  19.73071	       -84	          97	            0	                 0	          0	
  9783392	  19.51716	       -84	          96	            0	                 0	          0	
  9783442	  19.79622	       -84	          98	            0	                 0	          0	
  9783492	  19.71031	       -84	          97	            0	                 0	          0	
  9783542	  19.42593	       -84	          96	            0	                 0	          0	
  9783592	  19.46912	       -84	          96	            0	                 0	          0	
  9783642	  19.74363	       -85	          95	            0	                 0	          0	
  9783692	  19.89477	       -85	          94	            0	                 0	          0	
  9783742	  19.95293	       -85	          93	            0	                 0	          0	
  9783792	  19.82693	       -85	          96	            0	                 0	          0	
  9783842	  19.65859	       -86	          95	            0	                 0	          0	
  9783892	  19.72892	       -85	          92	            0	                 0	          0	
  9783942	  19.88632	       -86	          94	            0	                 0	          0	
  9783992	  19.83243	       -86	          96	            0	                 0	          0	
  9784042	  19.76343	       -85	          96	            0	                 0	          0	
  9784092	  19.82202	       -85	          97	            0	                 0	          0	
  9784142	  19.92479	       -85	          97	            0	                 0	          0	
  9784192	  20.12233	       -84	          98	            0	                 0	          0	
  9784242	  20.21259	       -84	          99	            0	                 0	          0	
  9784292	  19.91349	       -84	          98	            0	                 0	          0	
  9784342	  19.69608	       -84	          96	            0	                 0	          0	
  9784392	  19.73161	       -85	          94	            0	                 0	          0	
  9784442	  19.60557	       -84	          93	            0	                 0	          0	
  9784492	   19.7152	       -84	          95	            0	                 0	          0	
  9784542	  19.65328	       -85	          94	            0	                 0	          0	
  9784592	   19.7115	       -85	          95	            0	                 0	          0	
  9784642	  19.54123	       -85	          95	            0	                 0	          0	
  9784692	  19.38935	       -85	          92	            0	                 0	          0	
  9784742	  19.73551	       -85	          93	            0	                 0	          0	
  9784792	  19.79331	       -85	          95	            0	                 0	          0	
  9784842	  19.60035	       -85	          95	            0	                 0	          0	
  9784892	  19.53331	       -86	          95	            0	                 0	          0	
  9784942	  19.84025	       -85	          95	            0	                 0	          0	
  9784992	  20.28649	       -84	          95	            0	                 0	          0	
  9785042	   20.2292	       -85	          94	            0	                 0	          0	
  9785092	  19.90843	       -86	          97	            0	                 0	          0	
  9785142	  19.78601	       -85	          96	            0	                 0	          0	
  9785192	  19.81235	       -86	          95	            0	                 0	          0	
  9785242	  19.68554	       -86	          96	            0	                 0	          0	
  9785292	  19.85777	       -85	          95	            0	                 0	          0	
  9785342	  20.18613	       -86	          94	            0	                 0	          0	
  9785392	  19.92532	       -85	          94	            0	                 0	          0	
  9785442	  19.80779	       -85	          93	            0	                 0	          0	
  9785492	  19.98482	       -85	          94	            0	                 0	          0	
  9785542	  20.16124	       -86	          99	            0	                 0	          0	
  9785592	  20.00088	       -87	         101	            0	                 0	          0	
  9785642	  19.82586	       -87	          98	            0	                 0	          0	
  9785692	  20.00386	       -85	          96	            0	                 0	          0	
  9785742	  20.04461	       -85	          95	            0	                 0	          0	
  9785792	   19.7648	       -85	          97	            0	                 0	          0	
  9785842	  19.61164	       -86	          96	            0	                 0	          0	
  9785892	  19.92948	       -86	          94	            0	                 0	          0	
  9785942	  20.01888	       -86	          94	            0	                 0	          0	
  9785992	   19.9197	       -85	          95	            0	                 0	          0	
  9786042	  20.13519	       -85	          97	            0	                 0	          0	
  9786092	  20.08816	       -86	          95	            0	                 0	          0	
  9786142	  19.70764	       -86	          94	            0	                 0	          0	
  9786192	  19.61216	       -86	          95	            0	                 0	          0	
  9786242	  19.84171	       -86	          94	            0	                 0	          0	
  9786292	  19.89017	       -86	          96	            0	                 0	          0	
  9786342	  19.97662	       -86	          98	            0	                 0	          0	
  9786392	  20.09878	       -85	          98	            0	                 0	          0	
  9786442	  20.15209	       -85	          99	            0	                 0	          0	
  9786492	  20.09522	       -87	         100	            0	                 0	          0	
  9786542	  20.03444	       -87	         100	            0	                 0	          0	
  9786592	  19.96327	       -86	          99	            0	                 0	          0	
  9786642	  19.64726	       -86	          97	            0	                 0	          0	
  9786692	  19.47039	       -85	          95	            0	                 0	          0	
  9786742	  19.43382	       -86	          92	            0	                 0	          0	
  9786792	  19.38424	       -87	          89	            0	                 0	          0	
  9786842	  19.49689	       -87	          89	            0	                 0	          0	
  9786892	  19.72921	       -86	          90	            0	                 0	          0	
  9786942	  19.50706	       -86	          91	            0	                 0	          0	
  9786992	  19.36874	       -87	          89	            0	                 0	          0	
  9787042	  19.58299	       -87	          90	            0	                 0	          0	
  9787092	  19.58592	       -87	          93	            0	                 0	          0	
  9787142	  19.69034	       -87	          91	            0	                 0	          0	
  9787192	  19.68528	       -87	          90	            0	                 0	          0	
  9787242	  19.32442	       -87	          89	            0	                 0	          0	
  9787292	  19.31425	       -87	          88	            0	                 0	          0	
  9787342	   19.7153	       -86	          87	            0	                 0	          0	
  9787392	  19.48702	       -86	          90	            0	                 0	          0	
  9787442	  19.35364	       -86	          94	            0	                 0	          0	
  9787492	  19.48526	       -87	          88	            0	                 0	          0	
  9787542	  19.41344	       -86	          87	            0	                 0	          0	
  9787592	  19.49261	       -85	          91	            0	                 0	          0	
  9787642	  19.40984	       -86	          89	            0	                 0	          0	
  9787692	  19.26109	       -86	          90	            0	                 0	          0	
  9787742	  19.21354	       -86	          92	            0	                 0	          0	
