TimeStamp	ForceValue	AxialAngle	LateralAngle	MetalSeverity	InAccurateSeverity	NeedZeroing	
  9901342	  11.31682	       -90	          81	            0	                 0	          0	
  9901392	  11.73269	       -90	          74	            0	                 0	          0	
  9901442	  12.12921	       -89	          75	            0	                 0	          0	
  9901492	  12.02268	       -88	          78	            0	                 0	          0	
  9901542	  12.19308	       -88	          73	            0	                 0	          0	
  9901592	  12.15611	       -87	          74	            0	                 0	          0	
  9901642	  11.91906	       -88	          74	            0	                 0	          0	
  9901692	  12.23435	       -88	          73	            0	                 0	          0	
  9901742	  12.47439	       -89	          72	            0	                 0	          0	
  9901792	  11.89414	       -90	          74	            0	                 0	          0	
  9901842	  11.78498	       -89	          78	            0	                 0	          0	
  9901892	  12.12905	       -88	          78	            0	                 0	          0	
  9901942	  12.08185	       -89	          73	            0	                 0	          0	
  9901992	  12.19095	       -89	          69	            0	                 0	          0	
  9902042	  11.90643	       -87	          73	            0	                 0	          0	
  9902092	  11.72979	       -88	          78	            0	                 0	          0	
  9902142	  12.01791	       -90	          73	            0	                 0	          0	
  9902192	    11.953	       -89	          74	            0	                 0	          0	
  9902242	  11.55084	       -89	          82	            0	                 0	          0	
  9902292	  11.43486	       -90	          85	            0	                 0	          0	
  9902342	  11.64253	       -89	          82	            0	                 0	          0	
  9902392	  12.05564	       -88	          74	            0	                 0	          0	
  9902442	  11.83884	       -88	          74	            0	                 0	          0	
  9902492	   11.5279	       -89	          79	            0	                 0	          0	
  9902542	  11.61759	       -89	          81	            0	                 0	          0	
  9902592	  11.56617	       -88	          82	            0	                 0	          0	
  9902642	  11.58101	       -90	          78	            0	                 0	          0	
  9902692	  11.74756	       -89	          76	            0	                 0	          0	
  9902742	  11.85054	       -87	          75	            0	                 0	          0	
  9902792	  11.82823	       -88	          79	            0	                 0	          0	
  9902842	  11.93996	       -88	          80	            0	                 0	          0	
  9902892	  11.99936	       -88	          77	            0	                 0	          0	
  9902942	  11.83721	       -88	          77	            0	                 0	          0	
  9902992	   11.8909	       -88	          77	            0	                 0	          0	
  9903042	  12.10918	       -89	          76	            0	                 0	          0	
  9903092	  12.00637	       -88	          76	            0	                 0	          0	
  9903142	  11.84633	       -87	          76	            0	                 0	          0	
  9903192	  11.64967	       -88	          78	            0	                 0	          0	
  9903242	  11.62768	       -88	          79	            0	                 0	          0	
  9903292	  11.94064	       -87	          76	            0	                 0	          0	
  9903342	  11.95545	       -88	          74	            0	                 0	          0	
  9903392	  11.61782	       -89	          77	            0	                 0	          0	
  9903442	  11.72005	       -90	          78	            0	                 0	          0	
  9903492	  12.20627	       -89	          76	            0	                 0	          0	
  9903542	  12.20666	       -89	          75	            0	                 0	          0	
  9903592	  12.01473	       -88	          75	            0	                 0	          0	
  9903642	  12.01114	       -88	          78	            0	                 0	          0	
  9903692	  11.79537	       -88	          81	            0	                 0	          0	
  9903742	  11.51023	       -88	          82	            0	                 0	          0	
  9903792	  11.44268	       -89	          83	            0	                 0	          0	
  9903842	  11.73562	       -87	          81	            0	                 0	          0	
  9903892	  11.53144	       -87	          82	            0	                 0	          0	
  9903942	  11.23329	       -88	          88	            0	                 0	          0	
  9903992	  11.38435	       -89	          86	            0	                 0	          0	
  9904042	  11.54217	       -89	          81	            0	                 0	          0	
  9904092	  11.84825	       -87	          80	            0	                 0	          0	
  9904142	  11.48271	       -87	          82	            0	                 0	          0	
  9904192	  11.25869	       -86	          82	            0	                 0	          0	
  9904242	  11.55902	       -86	          82	            0	                 0	          0	
  9904292	   11.6583	       -87	          81	            0	                 0	          0	
  9904342	  11.55514	       -88	          85	            0	                 0	          0	
  9904392	  11.48453	       -87	          88	            0	                 0	          0	
  9904442	  11.53371	       -88	          87	            0	                 0	          0	
  9904492	  11.63927	       -89	          87	            0	                 0	          0	
  9904542	  11.63528	       -89	          84	            0	                 0	          0	
  9904592	  11.30309	       -88	          87	            0	                 0	          0	
  9904642	  11.65248	       -89	          87	            0	                 0	          0	
  9904692	  11.78366	       -90	          84	            0	                 0	          0	
  9904742	  11.46965	       -89	          84	            0	                 0	          0	
  9904792	  11.78586	       -87	          86	            0	                 0	          0	
  9904842	  11.70282	       -86	          85	            0	                 0	          0	
  9904892	  11.34422	       -86	          87	            0	                 0	          0	
  9904942	  11.47456	       -87	          91	            0	                 0	          0	
  9904992	  11.58016	       -89	          85	            0	                 0	          0	
  9905042	  11.21249	       -88	          83	            0	                 0	          0	
  9905092	  10.96775	       -87	          88	            0	                 0	          0	
  9905142	  11.04818	       -88	          89	            0	                 0	          0	
  9905192	   11.4583	       -87	          84	            0	                 0	          0	
  9905242	  11.75906	       -88	          81	            0	                 0	          0	
  9905292	  11.24437	       -89	          82	            0	                 0	          0	
  9905342	   11.2748	       -90	          84	            0	                 0	          0	
  9905392	  11.50896	       -89	          84	            0	                 0	          0	
  9905442	  11.49337	       -89	          82	            0	                 0	          0	
  9905492	  11.53647	       -89	          80	            0	                 0	          0	
  9905542	   11.4062	       -88	          80	            0	                 0	          0	
  9905592	  11.35439	       -89	          82	            0	                 0	          0	
  9905642	  11.10806	       -88	          85	            0	                 0	          0	
  9905692	  11.27442	       -87	          85	            0	                 0	          0	
  9905742	   11.5295	       -87	          81	            0	                 0	          0	
  9905792	  11.06078	       -87	          85	            0	                 0	          0	
  9905842	  11.33003	       -89	          88	            0	                 0	          0	
  9905892	  11.68425	       -89	          88	            0	                 0	          0	
  9905942	  11.56172	       -87	          88	            0	                 0	          0	
  9905992	  11.72116	       -87	          82	            0	                 0	          0	
  9906042	  11.70956	       -87	          81	            0	                 0	          0	
  9906092	  11.35658	       -87	          87	            0	                 0	          0	
  9906142	  11.21974	       -87	          87	            0	                 0	          0	
  9906192	  11.33178	       -88	          89	            0	                 0	          0	
  9906242	  11.09953	       -88	          89	            0	                 0	          0	
  9906292	   10.9882	       -88	          88	            0	                 0	          0	
  9906342	  11.44071	       -88	          84	            0	                 0	          0	
  9906392	  11.29233	       -87	          80	            0	                 0	          0	
  9906442	  11.30824	       -86	          78	            0	                 0	          0	
  9906492	   11.5092	       -87	          76	            0	                 0	          0	
  9906542	   11.0612	       -88	          83	            0	                 0	          0	
  9906592	  11.31887	       -86	          88	            0	                 0	          0	
  9906642	  11.45211	       -85	          90	            0	                 0	          0	
  9906692	   11.4273	       -86	          89	            0	                 0	          0	
  9906742	  11.40541	       -87	          83	            0	                 0	          0	
  9906792	  11.88117	       -87	          80	            0	                 0	          0	
  9906842	  12.16294	       -88	          82	            0	                 0	          0	
  9906892	  11.67498	       -89	          87	            0	                 0	          0	
  9906942	   11.1327	       -88	          88	            0	                 0	          0	
  9906992	  11.06106	       -87	          85	            0	                 0	          0	
  9907042	  11.27762	       -86	          88	            0	                 0	          0	
  9907092	  11.31307	       -87	          86	            0	                 0	          0	
  9907142	  11.51072	       -89	          81	            0	                 0	          0	
  9907192	  11.55547	       -90	          81	            0	                 0	          0	
  9907242	  11.55864	       -88	          83	            0	                 0	          0	
  9907292	  11.69015	       -87	          85	            0	                 0	          0	
  9907342	  11.53556	       -88	          88	            0	                 0	          0	
  9907392	  11.49089	       -87	          83	            0	                 0	          0	
  9907442	  11.56755	       -88	          79	            0	                 0	          0	
  9907492	  11.23138	       -88	          85	            0	                 0	          0	
  9907542	  11.29939	       -87	          85	            0	                 0	          0	
  9907592	  11.27751	       -87	          86	            0	                 0	          0	
  9907642	  11.62964	       -88	          85	            0	                 0	          0	
  9907692	  11.70204	       -89	          87	            0	                 0	          0	
  9907742	  11.33263	       -88	          90	            0	                 0	          0	
  9907792	  11.24025	       -88	          86	            0	                 0	          0	
  9907842	  11.38943	       -88	          87	            0	                 0	          0	
  9907892	  11.70538	       -87	          86	            0	                 0	          0	
  9907942	  11.39095	       -88	          87	            0	                 0	          0	
  9907992	  11.18137	       -87	          88	            0	                 0	          0	
  9908042	  11.28362	       -87	          84	            0	                 0	          0	
  9908092	  11.22495	       -88	          83	            0	                 0	          0	
  9908142	  11.51381	       -87	          85	            0	                 0	          0	
  9908192	  11.61608	       -88	          86	            0	                 0	          0	
  9908242	  11.54628	       -88	          85	            0	                 0	          0	
  9908292	  11.67583	       -87	          87	            0	                 0	          0	
  9908342	  11.36937	       -87	          84	            0	                 0	          0	
  9908392	  11.71316	       -87	          77	            0	                 0	          0	
  9908442	  11.85464	       -89	          84	            0	                 0	          0	
  9908492	  11.79528	       -88	          87	            0	                 0	          0	
  9908542	  11.50071	       -88	          84	            0	                 0	          0	
  9908592	   11.1642	       -89	          83	            0	                 0	          0	
  9908642	  11.37306	       -88	          83	            0	                 0	          0	
  9908692	  11.64444	       -87	          84	            0	                 0	          0	
  9908742	  11.66182	       -87	          88	            0	                 0	          0	
  9908792	  11.29988	       -86	          92	            0	                 0	          0	
  9908842	  11.09486	       -86	          89	            0	                 0	          0	
  9908892	  11.37801	       -86	          91	            0	                 0	          0	
  9908942	   11.3569	       -88	          89	            0	                 0	          0	
  9908992	  11.15718	       -89	          90	            0	                 0	          0	
  9909042	  11.42833	       -88	          93	            0	                 0	          0	
  9909092	  11.40527	       -89	          88	            0	                 0	          0	
  9909142	   11.3528	       -88	          88	            0	                 0	          0	
  9909192	  11.44179	       -89	          91	            0	                 0	          0	
  9909242	  11.29565	       -90	          88	            0	                 0	          0	
  9909292	  11.44805	       -88	          85	            0	                 0	          0	
  9909342	  11.63044	       -88	          84	            0	                 0	          0	
  9909392	  11.62698	       -87	          86	            0	                 0	          0	
  9909442	  11.46925	       -88	          89	            0	                 0	          0	
  9909492	  11.12993	       -87	          92	            0	                 0	          0	
  9909542	  11.05258	       -87	          89	            0	                 0	          0	
  9909592	  11.23782	       -87	          86	            0	                 0	          0	
  9909642	   11.2636	       -86	          84	            0	                 0	          0	
  9909692	  11.07178	       -85	          83	            0	                 0	          0	
  9909742	  11.31452	       -86	          90	            0	                 0	          0	
  9909792	  11.58801	       -87	          93	            0	                 0	          0	
  9909842	  11.30082	       -87	          85	            0	                 0	          0	
  9909892	  11.16578	       -87	          85	            0	                 0	          0	
  9909942	  11.05706	       -88	          86	            0	                 0	          0	
  9909992	  11.14716	       -87	          84	            0	                 0	          0	
  9910042	  11.27038	       -87	          86	            0	                 0	          0	
  9910092	  11.09978	       -88	          88	            0	                 0	          0	
  9910142	  11.00309	       -88	          89	            0	                 0	          0	
  9910192	  11.23227	       -88	          91	            0	                 0	          0	
  9910242	  11.29481	       -88	          92	            0	                 0	          0	
  9910292	  11.40657	       -87	          89	            0	                 0	          0	
  9910342	  11.32797	       -88	          88	            0	                 0	          0	
  9910392	  11.06702	       -89	          88	            0	                 0	          0	
  9910442	  11.21692	       -88	          84	            0	                 0	          0	
  9910492	  11.03946	       -86	          86	            0	                 0	          0	
  9910542	  10.74357	       -86	          87	            0	                 0	          0	
  9910592	  11.03643	       -86	          84	            0	                 0	          0	
  9910642	  11.52596	       -87	          85	            0	                 0	          0	
  9910692	  11.30957	       -86	          90	            0	                 0	          0	
  9910742	  11.19684	       -86	          87	            0	                 0	          0	
  9910792	  11.60657	       -87	          85	            0	                 0	          0	
  9910842	  11.34084	       -87	          87	            0	                 0	          0	
  9910892	  11.17672	       -87	          88	            0	                 0	          0	
  9910942	  11.19117	       -87	          89	            0	                 0	          0	
  9910992	  11.24189	       -87	          89	            0	                 0	          0	
  9911042	  11.51967	       -89	          87	            0	                 0	          0	
  9911092	  11.34152	       -88	          88	            0	                 0	          0	
  9911142	  11.22579	       -86	          88	            0	                 0	          0	
  9911192	  11.04424	       -87	          89	            0	                 0	          0	
  9911242	  10.88497	       -86	          94	            0	                 0	          0	
  9911292	  10.88515	       -86	          85	            0	                 0	          0	
  9911342	  11.12557	       -87	          84	            0	                 0	          0	
  9911392	  11.28371	       -88	          91	            0	                 0	          0	
  9911442	  11.18947	       -88	          89	            0	                 0	          0	
  9911492	   10.9784	       -89	          87	            0	                 0	          0	
  9911542	  11.03594	       -88	          89	            0	                 0	          0	
  9911592	  11.11413	       -87	          91	            0	                 0	          0	
  9911642	  11.26049	       -87	          89	            0	                 0	          0	
  9911692	  11.58829	       -85	          83	            0	                 0	          0	
  9911742	  11.48575	       -86	          84	            0	                 0	          0	
  9911792	  11.30359	       -88	          91	            0	                 0	          0	
  9911842	  11.06231	       -87	          93	            0	                 0	          0	
  9911892	  11.00805	       -87	          89	            0	                 0	          0	
  9911942	  11.06049	       -87	          87	            0	                 0	          0	
  9911992	  11.14371	       -87	          89	            0	                 0	          0	
  9912042	  11.51381	       -87	          90	            0	                 0	          0	
  9912092	  11.47299	       -86	          90	            0	                 0	          0	
  9912142	  11.20715	       -87	          89	            0	                 0	          0	
  9912192	   11.1539	       -86	          86	            0	                 0	          0	
  9912242	  11.33674	       -86	          81	            0	                 0	          0	
  9912292	  11.49292	       -87	          81	            0	                 0	          0	
  9912342	  11.33363	       -88	          85	            0	                 0	          0	
  9912392	  11.13175	       -88	          86	            0	                 0	          0	
  9912442	  10.94078	       -89	          88	            0	                 0	          0	
  9912492	  11.03475	       -88	          89	            0	                 0	          0	
  9912542	   11.2061	       -87	          89	            0	                 0	          0	
  9912592	  11.33898	       -88	          91	            0	                 0	          0	
  9912642	  11.41771	       -87	          88	            0	                 0	          0	
  9912692	  11.40052	       -87	          87	            0	                 0	          0	
  9912742	  11.08665	       -87	          90	            0	                 0	          0	
  9912792	  10.97562	       -86	          90	            0	                 0	          0	
  9912842	  11.28639	       -86	          85	            0	                 0	          0	
  9912892	  11.58193	       -87	          83	            0	                 0	          0	
  9912942	  11.54534	       -86	          84	            0	                 0	          0	
  9912992	  11.27417	       -85	          88	            0	                 0	          0	
  9913042	  11.18274	       -86	          90	            0	                 0	          0	
  9913092	    11.259	       -88	          86	            0	                 0	          0	
  9913142	   11.2017	       -86	          87	            0	                 0	          0	
  9913192	  10.94798	       -84	          84	            0	                 0	          0	
  9913242	  10.95723	       -85	          84	            0	                 0	          0	
  9913292	  11.15064	       -86	          89	            0	                 0	          0	
  9913342	  11.20328	       -87	          85	            0	                 0	          0	
  9913392	   11.1869	       -87	          84	            0	                 0	          0	
  9913442	  11.15953	       -87	          88	            0	                 0	          0	
  9913492	  11.04217	       -89	          89	            0	                 0	          0	
  9913542	  11.28681	       -88	          93	            0	                 0	          0	
  9913592	   11.3804	       -87	          92	            0	                 0	          0	
  9913642	  10.97625	       -87	          89	            0	                 0	          0	
  9913692	  10.96341	       -87	          91	            0	                 0	          0	
  9913742	  11.34833	       -89	          96	            0	                 0	          0	
  9913792	  11.36755	       -87	          95	            0	                 0	          0	
  9913842	  11.06451	       -85	          91	            0	                 0	          0	
  9913892	  11.09701	       -87	          91	            0	                 0	          0	
  9913942	  11.38234	       -86	          86	            0	                 0	          0	
  9913992	  11.37444	       -86	          86	            0	                 0	          0	
  9914042	   11.2842	       -86	          90	            0	                 0	          0	
  9914092	  11.26095	       -87	          88	            0	                 0	          0	
  9914142	  11.36306	       -86	          84	            0	                 0	          0	
  9914192	  11.55398	       -87	          83	            0	                 0	          0	
  9914242	  11.21143	       -86	          86	            0	                 0	          0	
  9914292	  10.93285	       -87	          93	            0	                 0	          0	
  9914342	  11.13492	       -88	          91	            0	                 0	          0	
  9914392	  11.21054	       -88	          88	            0	                 0	          0	
  9914442	  11.22638	       -88	          93	            0	                 0	          0	
  9914492	  11.17522	       -86	          90	            0	                 0	          0	
  9914542	  11.11088	       -86	          92	            0	                 0	          0	
  9914592	  11.23005	       -87	          93	            0	                 0	          0	
  9914642	  11.07791	       -87	          90	            0	                 0	          0	
  9914692	    10.937	       -88	          90	            0	                 0	          0	
  9914742	   11.1085	       -87	          89	            0	                 0	          0	
  9914792	  11.22701	       -85	          94	            0	                 0	          0	
  9914842	  11.23942	       -87	          95	            0	                 0	          0	
  9914892	  11.05038	       -86	          89	            0	                 0	          0	
  9914942	  11.06534	       -85	          84	            0	                 0	          0	
  9914992	  11.32138	       -86	          87	            0	                 0	          0	
  9915042	  11.30414	       -87	          89	            0	                 0	          0	
  9915092	  11.05464	       -87	          90	            0	                 0	          0	
  9915142	  10.98548	       -87	          89	            0	                 0	          0	
  9915192	  11.20805	       -87	          90	            0	                 0	          0	
  9915242	  11.29975	       -86	          92	            0	                 0	          0	
  9915292	  11.26709	       -86	          92	            0	                 0	          0	
  9915342	  11.17749	       -85	          88	            0	                 0	          0	
  9915392	  10.94763	       -86	          86	            0	                 0	          0	
  9915442	  11.13861	       -88	          87	            0	                 0	          0	
  9915492	  11.14639	       -87	          85	            0	                 0	          0	
  9915542	  10.76185	       -87	          89	            0	                 0	          0	
  9915592	  11.07681	       -86	          87	            0	                 0	          0	
  9915642	  11.17076	       -86	          84	            0	                 0	          0	
  9915692	  11.01369	       -86	          89	            0	                 0	          0	
  9915742	  11.06566	       -85	          92	            0	                 0	          0	
  9915792	  10.84835	       -86	          92	            0	                 0	          0	
  9915842	  10.93983	       -89	          90	            0	                 0	          0	
  9915892	  11.13416	       -89	          90	            0	                 0	          0	
  9915942	  11.15868	       -87	          89	            0	                 0	          0	
  9915992	  11.26596	       -87	          93	            0	                 0	          0	
  9916042	  11.53201	       -87	          90	            0	                 0	          0	
  9916092	  11.55278	       -88	          83	            0	                 0	          0	
  9916142	  11.26543	       -87	          88	            0	                 0	          0	
  9916192	  11.41638	       -87	          95	            0	                 0	          0	
  9916242	  11.32693	       -88	          92	            0	                 0	          0	
  9916292	  10.99743	       -87	          91	            0	                 0	          0	
  9916342	  11.06704	       -84	          94	            0	                 0	          0	
  9916392	  11.33288	       -83	          92	            0	                 0	          0	
  9916442	  11.31907	       -85	          91	            0	                 0	          0	
  9916492	  11.21485	       -86	          88	            0	                 0	          0	
  9916542	  11.08431	       -85	          93	            0	                 0	          0	
  9916592	  11.14165	       -86	          93	            0	                 0	          0	
  9916642	  11.12354	       -86	          85	            0	                 0	          0	
  9916692	  10.99917	       -85	          87	            0	                 0	          0	
  9916742	  11.02963	       -86	          90	            0	                 0	          0	
  9916792	  11.21759	       -89	          85	            0	                 0	          0	
  9916842	  11.15256	       -88	          86	            0	                 0	          0	
  9916892	  11.01944	       -88	          86	            0	                 0	          0	
  9916942	  11.14957	       -89	          86	            0	                 0	          0	
  9916992	  11.38319	       -89	          87	            0	                 0	          0	
  9917042	  11.33516	       -88	          85	            0	                 0	          0	
  9917092	  11.04197	       -87	          88	            0	                 0	          0	
  9917142	  11.30259	       -86	          88	            0	                 0	          0	
  9917192	  11.18573	       -86	          87	            0	                 0	          0	
  9917242	  11.12197	       -88	          87	            0	                 0	          0	
  9917292	   11.3713	       -86	          94	            0	                 0	          0	
  9917342	  11.23724	       -85	          98	            0	                 0	          0	
  9917392	  10.97816	       -88	          90	            0	                 0	          0	
  9917442	  11.18262	       -90	          94	            0	                 0	          0	
  9917492	  11.30929	       -89	          95	            0	                 0	          0	
  9917542	  11.29765	       -86	          87	            0	                 0	          0	
  9917592	  11.39174	       -87	          89	            0	                 0	          0	
  9917642	  11.36393	       -87	          88	            0	                 0	          0	
  9917692	  11.37409	       -87	          88	            0	                 0	          0	
  9917742	  11.55929	       -87	          88	            0	                 0	          0	
  9917792	  11.33334	       -87	          88	            0	                 0	          0	
  9917842	  11.13759	       -87	          84	            0	                 0	          0	
  9917892	  11.26189	       -87	          87	            0	                 0	          0	
  9917942	  11.28747	       -88	          92	            0	                 0	          0	
  9917992	  10.95705	       -88	          90	            0	                 0	          0	
  9918042	  10.72173	       -87	          88	            0	                 0	          0	
  9918092	  10.73198	       -87	          86	            0	                 0	          0	
  9918142	  10.84412	       -87	          88	            0	                 0	          0	
  9918192	   11.1678	       -87	          91	            0	                 0	          0	
  9918242	  11.28664	       -87	          89	            0	                 0	          0	
  9918292	  11.16321	       -85	          89	            0	                 0	          0	
  9918342	  10.96796	       -85	          88	            0	                 0	          0	
  9918392	  10.96008	       -86	          90	            0	                 0	          0	
  9918442	  11.15147	       -86	          92	            0	                 0	          0	
  9918492	  11.16766	       -86	          89	            0	                 0	          0	
  9918542	  11.26186	       -88	          91	            0	                 0	          0	
  9918592	  11.46796	       -86	          92	            0	                 0	          0	
  9918642	  11.22294	       -86	          88	            0	                 0	          0	
  9918692	  11.13435	       -86	          91	            0	                 0	          0	
  9918742	  11.31882	       -86	          92	            0	                 0	          0	
  9918792	  11.13962	       -86	          90	            0	                 0	          0	
  9918842	  11.20627	       -86	          91	            0	                 0	          0	
  9918892	  11.28624	       -87	          87	            0	                 0	          0	
  9918942	  11.21838	       -88	          90	            0	                 0	          0	
  9918992	  11.04241	       -87	          91	            0	                 0	          0	
  9919042	  11.04494	       -86	          88	            0	                 0	          0	
  9919092	  11.13746	       -86	          94	            0	                 0	          0	
  9919142	  11.37868	       -88	          95	            0	                 0	          0	
  9919192	  11.59047	       -88	          91	            0	                 0	          0	
  9919242	   11.3946	       -88	          92	            0	                 0	          0	
  9919292	  11.26869	       -88	          92	            0	                 0	          0	
  9919342	  11.12872	       -88	          90	            0	                 0	          0	
  9919392	  10.97286	       -88	          90	            0	                 0	          0	
  9919442	   10.9943	       -88	          93	            0	                 0	          0	
  9919492	  11.17116	       -89	          94	            0	                 0	          0	
  9919542	  10.86634	       -88	          93	            0	                 0	          0	
  9919592	  10.80898	       -87	          91	            0	                 0	          0	
  9919642	  11.11657	       -87	          87	            0	                 0	          0	
  9919692	  11.16877	       -88	          88	            0	                 0	          0	
  9919742	  11.18234	       -88	          87	            0	                 0	          0	
  9919792	  11.16983	       -85	          85	            0	                 0	          0	
  9919842	  11.18499	       -86	          87	            0	                 0	          0	
  9919892	  11.02033	       -89	          88	            0	                 0	          0	
  9919942	  11.14182	       -88	          90	            0	                 0	          0	
  9919992	  11.12046	       -88	          92	            0	                 0	          0	
  9920042	   10.9611	       -86	          91	            0	                 0	          0	
  9920092	  11.11819	       -87	          86	            0	                 0	          0	
  9920142	  11.19347	       -88	          84	            0	                 0	          0	
  9920192	  11.22812	       -86	          85	            0	                 0	          0	
  9920242	  11.23677	       -86	          87	            0	                 0	          0	
  9920292	  11.19389	       -88	          85	            0	                 0	          0	
  9920342	  11.22538	       -87	          84	            0	                 0	          0	
  9920392	  10.95636	       -84	          89	            0	                 0	          0	
  9920442	  10.78625	       -85	          90	            0	                 0	          0	
  9920492	  10.88092	       -86	          90	            0	                 0	          0	
  9920542	  10.87234	       -87	          93	            0	                 0	          0	
  9920592	  11.02013	       -87	          91	            0	                 0	          0	
  9920642	  10.90763	       -86	          86	            0	                 0	          0	
  9920692	  10.82588	       -87	          88	            0	                 0	          0	
  9920742	  10.95195	       -88	          91	            0	                 0	          0	
  9920792	   10.9814	       -87	          92	            0	                 0	          0	
  9920842	  11.04012	       -88	          92	            0	                 0	          0	
  9920892	  11.30958	       -85	          93	            0	                 0	          0	
  9920942	   11.3134	       -85	          92	            0	                 0	          0	
  9920992	    10.985	       -87	          89	            0	                 0	          0	
  9921042	  11.05908	       -87	          91	            0	                 0	          0	
  9921092	  11.05111	       -89	          92	            0	                 0	          0	
  9921142	  10.95525	       -88	          93	            0	                 0	          0	
  9921192	  10.92326	       -86	          90	            0	                 0	          0	
  9921242	  10.91303	       -87	          86	            0	                 0	          0	
  9921292	  10.98602	       -88	          89	            0	                 0	          0	
  9921342	   11.3411	       -88	          94	            0	                 0	          0	
  9921392	  11.31491	       -86	          89	            0	                 0	          0	
  9921442	  10.97801	       -86	          85	            0	                 0	          0	
  9921492	   10.8213	       -86	          84	            0	                 0	          0	
  9921542	  10.76445	       -85	          86	            0	                 0	          0	
  9921592	  11.00525	       -86	          90	            0	                 0	          0	
  9921642	  11.11746	       -86	          94	            0	                 0	          0	
  9921692	  11.09537	       -86	          93	            0	                 0	          0	
  9921742	  11.30689	       -86	          89	            0	                 0	          0	
  9921792	  11.24579	       -87	          89	            0	                 0	          0	
  9921842	  11.06956	       -87	          90	            0	                 0	          0	
  9921892	  11.11925	       -87	          91	            0	                 0	          0	
  9921942	  11.02344	       -86	          89	            0	                 0	          0	
  9921992	  10.92477	       -86	          93	            0	                 0	          0	
  9922042	  11.11905	       -87	          94	            0	                 0	          0	
  9922092	  11.33007	       -87	          93	            0	                 0	          0	
  9922142	   11.0746	       -87	          90	            0	                 0	          0	
  9922192	  10.85459	       -87	          88	            0	                 0	          0	
  9922242	  11.04282	       -87	          87	            0	                 0	          0	
  9922292	   11.2117	       -86	          87	            0	                 0	          0	
  9922342	  11.12371	       -85	          92	            0	                 0	          0	
  9922392	   10.8638	       -85	          91	            0	                 0	          0	
  9922442	  10.72514	       -87	          86	            0	                 0	          0	
  9922492	  10.77637	       -86	          89	            0	                 0	          0	
  9922542	  11.06063	       -86	          95	            0	                 0	          0	
  9922592	  11.29088	       -88	          96	            0	                 0	          0	
  9922642	  11.17586	       -88	          95	            0	                 0	          0	
  9922692	  11.06405	       -87	          90	            0	                 0	          0	
  9922742	  11.15816	       -87	          85	            0	                 0	          0	
  9922792	   11.3159	       -88	          88	            0	                 0	          0	
  9922842	  11.48371	       -87	          94	            0	                 0	          0	
  9922892	  11.36584	       -88	          93	            0	                 0	          0	
  9922942	  10.98256	       -87	          91	            0	                 0	          0	
  9922992	   10.9043	       -86	          91	            0	                 0	          0	
  9923042	  11.26897	       -86	          90	            0	                 0	          0	
  9923092	  11.10273	       -86	          94	            0	                 0	          0	
  9923142	  11.12748	       -88	          92	            0	                 0	          0	
  9923192	  11.15705	       -87	          87	            0	                 0	          0	
  9923242	  10.95429	       -87	          92	            0	                 0	          0	
  9923292	   10.8657	       -88	          92	            0	                 0	          0	
  9923342	  10.78014	       -89	          89	            0	                 0	          0	
  9923392	  10.99009	       -88	          87	            0	                 0	          0	
  9923442	  10.96497	       -85	          89	            0	                 0	          0	
  9923492	  11.08134	       -85	          92	            0	                 0	          0	
  9923542	   11.1523	       -87	          90	            0	                 0	          0	
  9923592	  11.07659	       -89	          83	            0	                 0	          0	
  9923642	  10.99683	       -89	          85	            0	                 0	          0	
  9923692	  10.96802	       -88	          88	            0	                 0	          0	
  9923742	  11.04585	       -88	          93	            0	                 0	          0	
  9923792	  10.97376	       -87	          92	            0	                 0	          0	
  9923842	  10.98044	       -85	          89	            0	                 0	          0	
  9923892	  11.13104	       -86	          95	            0	                 0	          0	
  9923942	  11.06968	       -87	          93	            0	                 0	          0	
  9923992	  11.07089	       -86	          91	            0	                 0	          0	
  9924042	  11.14163	       -87	          92	            0	                 0	          0	
  9924092	  11.17741	       -87	          92	            0	                 0	          0	
  9924142	  11.33856	       -88	          92	            0	                 0	          0	
  9924192	  11.45254	       -88	          93	            0	                 0	          0	
  9924242	  11.47649	       -86	          94	            0	                 0	          0	
  9924292	  11.33861	       -87	          93	            0	                 0	          0	
  9924342	  11.08923	       -87	          88	            0	                 0	          0	
  9924392	  11.19011	       -87	          85	            0	                 0	          0	
  9924442	  11.26075	       -87	          88	            0	                 0	          0	
  9924492	  11.12941	       -86	          90	            0	                 0	          0	
  9924542	  11.02527	       -86	          89	            0	                 0	          0	
  9924592	  10.87209	       -86	          89	            0	                 0	          0	
  9924642	  10.81258	       -86	          91	            0	                 0	          0	
  9924692	    10.961	       -86	          89	            0	                 0	          0	
  9924742	  11.03909	       -86	          93	            0	                 0	          0	
  9924792	  11.15677	       -87	          97	            0	                 0	          0	
  9924842	  11.27934	       -86	          96	            0	                 0	          0	
  9924892	  11.21591	       -84	          91	            0	                 0	          0	
  9924942	  11.19318	       -86	          90	            0	                 0	          0	
  9924992	   11.3122	       -85	          96	            0	                 0	          0	
  9925042	   11.1571	       -85	          96	            0	                 0	          0	
  9925092	    10.993	       -87	          91	            0	                 0	          0	
  9925142	  11.35357	       -88	          88	            0	                 0	          0	
  9925192	  11.35811	       -87	          88	            0	                 0	          0	
  9925242	  11.17094	       -86	          90	            0	                 0	          0	
  9925292	  11.17121	       -87	          93	            0	                 0	          0	
  9925342	  11.03178	       -88	          95	            0	                 0	          0	
  9925392	  10.95614	       -87	          92	            0	                 0	          0	
  9925442	  11.18287	       -86	          91	            0	                 0	          0	
  9925492	  11.32129	       -89	          97	            0	                 0	          0	
  9925542	  11.14059	       -89	          96	            0	                 0	          0	
  9925592	  11.05054	       -87	          92	            0	                 0	          0	
  9925642	  11.04819	       -87	          92	            0	                 0	          0	
  9925692	  11.06685	       -86	          94	            0	                 0	          0	
  9925742	  10.96035	       -86	          90	            0	                 0	          0	
  9925792	   11.0838	       -87	          87	            0	                 0	          0	
  9925842	  11.20508	       -88	          94	            0	                 0	          0	
  9925892	  11.15403	       -89	          94	            0	                 0	          0	
  9925942	  11.19268	       -88	          90	            0	                 0	          0	
  9925992	  11.20133	       -85	          86	            0	                 0	          0	
  9926042	  11.22309	       -85	          86	            0	                 0	          0	
  9926092	  11.44157	       -87	          84	            0	                 0	          0	
  9926142	  11.36714	       -89	          87	            0	                 0	          0	
  9926192	  11.25911	       -88	          97	            0	                 0	          0	
  9926242	   10.9713	       -87	          93	            0	                 0	          0	
  9926292	  11.19061	       -87	          89	            0	                 0	          0	
  9926342	  11.30409	       -86	          89	            0	                 0	          0	
  9926392	   11.2491	       -85	          92	            0	                 0	          0	
  9926442	  11.32957	       -85	          97	            0	                 0	          0	
  9926492	  11.17006	       -85	          97	            0	                 0	          0	
  9926542	  10.97213	       -87	          93	            0	                 0	          0	
  9926592	  11.01048	       -85	          90	            0	                 0	          0	
  9926642	  11.09415	       -85	          91	            0	                 0	          0	
  9926692	  11.21388	       -86	          91	            0	                 0	          0	
  9926742	   11.3172	       -87	          92	            0	                 0	          0	
  9926792	  11.27931	       -88	          94	            0	                 0	          0	
  9926842	  11.22037	       -89	          96	            0	                 0	          0	
  9926892	  11.02956	       -88	          90	            0	                 0	          0	
  9926942	  11.24281	       -86	          88	            0	                 0	          0	
  9926992	  11.39879	       -86	          91	            0	                 0	          0	
  9927042	  11.19984	       -87	          91	            0	                 0	          0	
  9927092	  11.12961	       -87	          94	            0	                 0	          0	
  9927142	  11.14065	       -87	          92	            0	                 0	          0	
  9927192	  11.16863	       -86	          89	            0	                 0	          0	
  9927242	  11.18573	       -85	          89	            0	                 0	          0	
  9927292	  11.17907	       -87	          89	            0	                 0	          0	
  9927342	  11.06332	       -87	          93	            0	                 0	          0	
  9927392	  11.34448	       -87	          95	            0	                 0	          0	
  9927442	  11.52455	       -88	          93	            0	                 0	          0	
  9927492	  11.18012	       -87	          92	            0	                 0	          0	
  9927542	  11.16251	       -86	          91	            0	                 0	          0	
  9927592	  11.06331	       -87	          89	            0	                 0	          0	
  9927642	  10.94272	       -87	          90	            0	                 0	          0	
  9927692	  10.94244	       -87	          92	            0	                 0	          0	
  9927742	  11.04258	       -86	          93	            0	                 0	          0	
  9927792	  11.28821	       -85	          97	            0	                 0	          0	
  9927842	  11.41825	       -86	          97	            0	                 0	          0	
  9927892	  11.26476	       -88	          94	            0	                 0	          0	
  9927942	  11.26216	       -87	          93	            0	                 0	          0	
  9927992	   11.3095	       -85	          92	            0	                 0	          0	
  9928042	  11.05757	       -88	          91	            0	                 0	          0	
  9928092	  11.03624	       -89	          92	            0	                 0	          0	
  9928142	  11.21167	       -86	          93	            0	                 0	          0	
  9928192	  11.18822	       -86	          90	            0	                 0	          0	
  9928242	  11.02106	       -87	          89	            0	                 0	          0	
  9928292	  10.98241	       -87	          87	            0	                 0	          0	
  9928342	  11.11694	       -87	          85	            0	                 0	          0	
  9928392	  11.12391	       -86	          85	            0	                 0	          0	
  9928442	  11.01573	       -86	          88	            0	                 0	          0	
  9928492	  11.23012	       -87	          89	            0	                 0	          0	
  9928542	  11.16485	       -87	          92	            0	                 0	          0	
  9928592	   11.1549	       -87	          93	            0	                 0	          0	
  9928642	  11.24733	       -86	          92	            0	                 0	          0	
  9928692	  11.05655	       -86	          91	            0	                 0	          0	
  9928742	  11.48228	       -86	          89	            0	                 0	          0	
  9928792	  11.63623	       -86	          91	            0	                 0	          0	
  9928842	  11.35335	       -87	          95	            0	                 0	          0	
  9928892	  11.33496	       -87	          95	            0	                 0	          0	
  9928942	   11.1232	       -87	          93	            0	                 0	          0	
  9928992	  11.03843	       -87	          96	            0	                 0	          0	
  9929042	  11.02057	       -86	          96	            0	                 0	          0	
  9929092	  10.98527	       -87	          95	            0	                 0	          0	
  9929142	  10.96872	       -87	          91	            0	                 0	          0	
  9929192	   11.0362	       -87	          88	            0	                 0	          0	
  9929242	   11.0819	       -87	          92	            0	                 0	          0	
  9929292	  11.14301	       -86	          91	            0	                 0	          0	
  9929342	  11.36617	       -85	          93	            0	                 0	          0	
  9929392	  11.37011	       -85	          94	            0	                 0	          0	
  9929442	  11.16285	       -89	          91	            0	                 0	          0	
  9929492	  11.21662	       -89	          87	            0	                 0	          0	
  9929542	   11.2311	       -87	          90	            0	                 0	          0	
  9929592	  11.11027	       -87	          91	            0	                 0	          0	
  9929642	  11.28924	       -87	          91	            0	                 0	          0	
  9929692	  11.42113	       -85	          95	            0	                 0	          0	
  9929742	  11.17839	       -85	          96	            0	                 0	          0	
  9929792	  11.05912	       -87	          94	            0	                 0	          0	
  9929842	  11.20865	       -87	          93	            0	                 0	          0	
  9929892	  11.32863	       -86	          91	            0	                 0	          0	
  9929942	  11.17111	       -87	          88	            0	                 0	          0	
  9929992	  11.23168	       -87	          86	            0	                 0	          0	
  9930042	  11.51591	       -87	          90	            0	                 0	          0	
  9930092	    11.765	       -86	          95	            0	                 0	          0	
  9930142	  11.50899	       -86	          93	            0	                 0	          0	
  9930192	  11.26541	       -87	          95	            0	                 0	          0	
  9930242	  11.37812	       -88	          96	            0	                 0	          0	
  9930292	  11.54614	       -88	          95	            0	                 0	          0	
  9930342	  11.47751	       -86	         100	            0	                 0	          0	
  9930392	  11.15725	       -87	          98	            0	                 0	          0	
  9930442	  11.14336	       -87	          95	            0	                 0	          0	
  9930492	  11.19964	       -87	          91	            0	                 0	          0	
  9930542	  11.37694	       -87	          89	            0	                 0	          0	
  9930592	  11.27804	       -86	          91	            0	                 0	          0	
  9930642	  11.11689	       -86	          90	            0	                 0	          0	
  9930692	  11.38277	       -88	         100	            0	                 0	          0	
  9930742	   11.5138	       -89	          99	            0	                 0	          0	
  9930792	  11.22151	       -88	          92	            0	                 0	          0	
  9930842	  11.20688	       -87	          94	            0	                 0	          0	
  9930892	  11.48617	       -87	          96	            0	                 0	          0	
  9930942	  11.40287	       -86	          93	            0	                 0	          0	
  9930992	  11.12873	       -86	          90	            0	                 0	          0	
  9931042	  11.03795	       -87	          90	            0	                 0	          0	
  9931092	  11.30123	       -87	          90	            0	                 0	          0	
  9931142	    11.441	       -88	          88	            0	                 0	          0	
  9931192	  11.23678	       -87	          91	            0	                 0	          0	
  9931242	  11.20674	       -88	          92	            0	                 0	          0	
  9931292	  11.44985	       -88	          92	            0	                 0	          0	
  9931342	  11.53942	       -86	          97	            0	                 0	          0	
  9931392	  11.30788	       -86	          95	            0	                 0	          0	
  9931442	  10.98162	       -86	          88	            0	                 0	          0	
  9931492	  10.95876	       -88	          90	            0	                 0	          0	
  9931542	  11.27384	       -89	          93	            0	                 0	          0	
  9931592	  11.46154	       -87	          90	            0	                 0	          0	
  9931642	  11.34136	       -86	          89	            0	                 0	          0	
  9931692	  11.18082	       -86	          97	            0	                 0	          0	
  9931742	   10.9595	       -85	          91	            0	                 0	          0	
  9931792	  10.82519	       -86	          86	            0	                 0	          0	
  9931842	  11.07222	       -87	          91	            0	                 0	          0	
  9931892	  11.28852	       -87	          93	            0	                 0	          0	
  9931942	    11.294	       -86	          93	            0	                 0	          0	
  9931992	  11.26784	       -87	          91	            0	                 0	          0	
  9932042	  10.92147	       -87	          91	            0	                 0	          0	
  9932092	  10.93085	       -86	          92	            0	                 0	          0	
  9932142	  11.30557	       -87	          93	            0	                 0	          0	
  9932192	  11.24221	       -87	          93	            0	                 0	          0	
  9932242	  11.10496	       -86	          93	            0	                 0	          0	
  9932292	   11.0206	       -84	          89	            0	                 0	          0	
  9932342	   10.9623	       -85	          86	            0	                 0	          0	
  9932392	  10.95605	       -86	          87	            0	                 0	          0	
  9932442	  11.04375	       -86	          90	            0	                 0	          0	
  9932492	  11.21899	       -87	          93	            0	                 0	          0	
  9932542	  11.26813	       -85	          92	            0	                 0	          0	
  9932592	   10.9475	       -86	          88	            0	                 0	          0	
  9932642	  10.78203	       -87	          90	            0	                 0	          0	
  9932692	  10.45971	       -86	          93	            0	                 0	          0	
  9932742	   10.5831	       -85	          89	            0	                 0	          0	
  9932792	  11.10395	       -85	          88	            0	                 0	          0	
  9932842	   10.9075	       -85	          89	            0	                 0	          0	
  9932892	  10.75741	       -86	          86	            0	                 0	          0	
  9932942	  10.89966	       -88	          88	            0	                 0	          0	
  9932992	  10.98269	       -87	          91	            0	                 0	          0	
  9933042	  11.07189	       -84	          92	            0	                 0	          0	
  9933092	  11.16692	       -85	          91	            0	                 0	          0	
  9933142	  10.89027	       -87	          92	            0	                 0	          0	
  9933192	  10.65686	       -88	          91	            0	                 0	          0	
  9933242	  10.64167	       -86	          93	            0	                 0	          0	
  9933292	  10.91727	       -85	          93	            0	                 0	          0	
  9933342	  11.05089	       -86	          89	            0	                 0	          0	
  9933392	  10.95634	       -87	          91	            0	                 0	          0	
  9933442	  11.14671	       -87	          89	            0	                 0	          0	
  9933492	  10.90882	       -85	          90	            0	                 0	          0	
  9933542	   10.7036	       -86	          91	            0	                 0	          0	
  9933592	  10.79685	       -86	          87	            0	                 0	          0	
  9933642	  10.80921	       -86	          92	            0	                 0	          0	
  9933692	  11.11505	       -86	          94	            0	                 0	          0	
  9933742	  10.84803	       -84	          90	            0	                 0	          0	
  9933792	  10.84817	       -84	          88	            0	                 0	          0	
  9933842	  11.10109	       -85	          90	            0	                 0	          0	
  9933892	  11.10238	       -86	          92	            0	                 0	          0	
  9933942	  10.90827	       -87	          91	            0	                 0	          0	
  9933992	  10.49425	       -86	          92	            0	                 0	          0	
  9934042	  10.58668	       -86	          93	            0	                 0	          0	
  9934092	  10.74402	       -87	          85	            0	                 0	          0	
  9934142	  10.54622	       -87	          86	            0	                 0	          0	
  9934192	  10.39234	       -85	          93	            0	                 0	          0	
  9934242	  10.58498	       -85	          94	            0	                 0	          0	
  9934292	  10.57723	       -85	          92	            0	                 0	          0	
  9934342	  10.52345	       -86	          95	            0	                 0	          0	
  9934392	  10.72175	       -86	          96	            0	                 0	          0	
  9934442	  10.82541	       -85	          88	            0	                 0	          0	
  9934492	  10.62254	       -85	          84	            0	                 0	          0	
  9934542	   10.3273	       -85	          87	            0	                 0	          0	
  9934592	  10.65543	       -86	          86	            0	                 0	          0	
  9934642	  10.81069	       -86	          88	            0	                 0	          0	
  9934692	  10.30355	       -86	          89	            0	                 0	          0	
  9934742	  10.25862	       -86	          87	            0	                 0	          0	
  9934792	  10.68736	       -87	          90	            0	                 0	          0	
  9934842	  10.63462	       -87	          86	            0	                 0	          0	
  9934892	  10.65384	       -87	          85	            0	                 0	          0	
  9934942	  10.84118	       -86	          91	            0	                 0	          0	
  9934992	   10.7811	       -86	          90	            0	                 0	          0	
  9935042	  10.77163	       -87	          89	            0	                 0	          0	
  9935092	  10.67483	       -86	          87	            0	                 0	          0	
  9935142	  10.57598	       -86	          86	            0	                 0	          0	
  9935192	  10.67976	       -87	          90	            0	                 0	          0	
  9935242	   10.7099	       -86	          94	            0	                 0	          0	
  9935292	  10.84531	       -86	          96	            0	                 0	          0	
  9935342	   10.5045	       -87	          89	            0	                 0	          0	
  9935392	  10.51578	       -87	          86	            0	                 0	          0	
  9935442	  10.88656	       -85	          89	            0	                 0	          0	
  9935492	  10.75005	       -85	          89	            0	                 0	          0	
  9935542	   10.6208	       -85	          91	            0	                 0	          0	
  9935592	  10.50667	       -86	          91	            0	                 0	          0	
  9935642	  10.58635	       -86	          89	            0	                 0	          0	
  9935692	  10.68545	       -84	          87	            0	                 0	          0	
  9935742	  10.53726	       -85	          89	            0	                 0	          0	
  9935792	  10.56508	       -86	          87	            0	                 0	          0	
  9935842	  10.50632	       -86	          86	            0	                 0	          0	
  9935892	  10.42756	       -85	          86	            0	                 0	          0	
  9935942	  10.76986	       -86	          82	            0	                 0	          0	
  9935992	  10.90827	       -87	          83	            0	                 0	          0	
  9936042	   10.6855	       -86	          89	            0	                 0	          0	
  9936092	   10.6923	       -85	          94	            0	                 0	          0	
  9936142	  10.52801	       -86	          92	            0	                 0	          0	
  9936192	  10.58926	       -87	          87	            0	                 0	          0	
  9936242	  10.91525	       -86	          87	            0	                 0	          0	
  9936292	  10.84564	       -85	          93	            0	                 0	          0	
  9936342	  10.59287	       -83	          94	            0	                 0	          0	
  9936392	  10.91505	       -83	          98	            0	                 0	          0	
  9936442	  11.34549	       -87	          97	            0	                 0	          0	
  9936492	  10.92846	       -87	          88	            0	                 0	          0	
  9936542	  10.68209	       -85	          85	            0	                 0	          0	
  9936592	    10.828	       -85	          91	            0	                 0	          0	
  9936642	  10.92123	       -85	          92	            0	                 0	          0	
  9936692	  10.72791	       -84	          88	            0	                 0	          0	
  9936742	  10.64833	       -85	          83	            0	                 0	          0	
  9936792	  10.52368	       -85	          84	            0	                 0	          0	
  9936842	  10.31066	       -85	          89	            0	                 0	          0	
  9936892	  10.52699	       -86	          87	            0	                 0	          0	
  9936942	  10.68421	       -87	          84	            0	                 0	          0	
  9936992	  10.63586	       -87	          83	            0	                 0	          0	
  9937042	  10.56573	       -86	          91	            0	                 0	          0	
  9937092	  10.50838	       -85	          96	            0	                 0	          0	
  9937142	  10.59977	       -86	          90	            0	                 0	          0	
  9937192	  10.93716	       -86	          84	            0	                 0	          0	
  9937242	  10.87871	       -86	          88	            0	                 0	          0	
  9937292	  10.82092	       -86	          89	            0	                 0	          0	
  9937342	  10.98291	       -85	          91	            0	                 0	          0	
  9937392	  11.05064	       -84	          90	            0	                 0	          0	
  9937442	   10.8131	       -86	          86	            0	                 0	          0	
  9937492	  11.03663	       -86	          89	            0	                 0	          0	
  9937542	   11.2173	       -85	          89	            0	                 0	          0	
  9937592	  10.91082	       -85	          91	            0	                 0	          0	
  9937642	  10.73024	       -87	          97	            0	                 0	          0	
  9937692	  10.94042	       -87	          97	            0	                 0	          0	
  9937742	  11.12195	       -85	          87	            0	                 0	          0	
  9937792	  10.88747	       -85	          85	            0	                 0	          0	
  9937842	  10.65531	       -86	          89	            0	                 0	          0	
  9937892	     10.79	       -87	          89	            0	                 0	          0	
  9937942	  11.03165	       -85	          94	            0	                 0	          0	
  9937992	  10.91267	       -86	          93	            0	                 0	          0	
  9938042	  10.50508	       -86	          88	            0	                 0	          0	
  9938092	  10.54767	       -85	          91	            0	                 0	          0	
  9938142	  11.00702	       -87	          94	            0	                 0	          0	
  9938192	  10.83264	       -88	          89	            0	                 0	          0	
  9938242	  10.76081	       -86	          89	            0	                 0	          0	
  9938292	  10.55377	       -86	          94	            0	                 0	          0	
  9938342	  10.51718	       -86	          94	            0	                 0	          0	
  9938392	  10.74321	       -87	          90	            0	                 0	          0	
  9938442	   10.8523	       -86	          86	            0	                 0	          0	
  9938492	  10.69838	       -87	          87	            0	                 0	          0	
  9938542	  10.62495	       -86	          87	            0	                 0	          0	
  9938592	  10.98278	       -87	          87	            0	                 0	          0	
  9938642	  10.87965	       -88	          90	            0	                 0	          0	
  9938692	  10.78256	       -87	          84	            0	                 0	          0	
  9938742	  11.04427	       -86	          84	            0	                 0	          0	
  9938792	  10.99814	       -87	          89	            0	                 0	          0	
  9938842	  10.75764	       -87	          92	            0	                 0	          0	
  9938892	  10.97517	       -86	          90	            0	                 0	          0	
  9938942	  11.12567	       -86	          89	            0	                 0	          0	
  9938992	  10.79437	       -87	          94	            0	                 0	          0	
  9939042	  10.63869	       -86	          95	            0	                 0	          0	
  9939092	  10.91979	       -86	          93	            0	                 0	          0	
  9939142	    10.941	       -88	          92	            0	                 0	          0	
  9939192	  10.81864	       -89	          86	            0	                 0	          0	
  9939242	  11.02746	       -86	          87	            0	                 0	          0	
  9939292	  10.97534	       -85	          91	            0	                 0	          0	
  9939342	  11.07493	       -86	          90	            0	                 0	          0	
  9939392	  11.09046	       -86	          91	            0	                 0	          0	
  9939442	    10.937	       -86	          94	            0	                 0	          0	
  9939492	  11.01781	       -87	          93	            0	                 0	          0	
  9939542	  10.78333	       -87	          92	            0	                 0	          0	
  9939592	  10.80644	       -86	          88	            0	                 0	          0	
  9939642	  10.84436	       -85	          92	            0	                 0	          0	
  9939692	  10.87156	       -85	          92	            0	                 0	          0	
  9939742	  10.74867	       -86	          90	            0	                 0	          0	
  9939792	  10.76826	       -87	          94	            0	                 0	          0	
  9939842	  10.81895	       -88	          96	            0	                 0	          0	
  9939892	  10.70655	       -87	          90	            0	                 0	          0	
  9939942	  10.73865	       -85	          87	            0	                 0	          0	
  9939992	  10.59246	       -87	          93	            0	                 0	          0	
  9940042	  10.89499	       -87	          91	            0	                 0	          0	
  9940092	  10.76644	       -86	          90	            0	                 0	          0	
  9940142	  10.32031	       -86	          93	            0	                 0	          0	
  9940192	  10.52886	       -86	          92	            0	                 0	          0	
  9940242	  10.77879	       -86	          92	            0	                 0	          0	
  9940292	  10.83983	       -87	          92	            0	                 0	          0	
  9940342	  10.94203	       -88	          92	            0	                 0	          0	
  9940392	  10.84068	       -87	          89	            0	                 0	          0	
  9940442	  10.76826	       -86	          86	            0	                 0	          0	
  9940492	  10.66865	       -86	          88	            0	                 0	          0	
  9940542	  10.94527	       -85	          91	            0	                 0	          0	
  9940592	  10.98874	       -86	          95	            0	                 0	          0	
  9940642	  10.66047	       -87	          95	            0	                 0	          0	
  9940692	  10.50043	       -87	          91	            0	                 0	          0	
  9940742	  10.62539	       -88	          93	            0	                 0	          0	
  9940792	  11.00184	       -86	          89	            0	                 0	          0	
  9940842	  10.95808	       -85	          88	            0	                 0	          0	
  9940892	  10.83014	       -86	          96	            0	                 0	          0	
  9940942	  10.69275	       -87	          91	            0	                 0	          0	
  9940992	  10.76015	       -87	          89	            0	                 0	          0	
  9941042	  11.00891	       -87	          94	            0	                 0	          0	
  9941092	  10.70755	       -87	          89	            0	                 0	          0	
  9941142	  10.49374	       -87	          84	            0	                 0	          0	
  9941192	  10.73084	       -86	          83	            0	                 0	          0	
  9941242	  10.77775	       -86	          89	            0	                 0	          0	
  9941292	  10.85615	       -86	          97	            0	                 0	          0	
  9941342	  10.64897	       -85	          96	            0	                 0	          0	
  9941392	   10.6167	       -86	          95	            0	                 0	          0	
  9941442	   10.4394	       -88	          92	            0	                 0	          0	
  9941492	  10.50133	       -87	          88	            0	                 0	          0	
  9941542	  10.68544	       -85	          92	            0	                 0	          0	
  9941592	  10.63265	       -86	          94	            0	                 0	          0	
  9941642	   10.3983	       -87	          92	            0	                 0	          0	
  9941692	  10.30855	       -86	          89	            0	                 0	          0	
  9941742	  10.62369	       -84	          90	            0	                 0	          0	
  9941792	  10.60239	       -85	          92	            0	                 0	          0	
  9941842	  10.54057	       -85	          94	            0	                 0	          0	
  9941892	  10.39351	       -85	          94	            0	                 0	          0	
  9941942	  10.39195	       -86	          91	            0	                 0	          0	
  9941992	  10.48393	       -88	          89	            0	                 0	          0	
  9942042	   10.7226	       -87	          95	            0	                 0	          0	
  9942092	  10.85502	       -87	          99	            0	                 0	          0	
  9942142	  10.29764	       -87	          92	            0	                 0	          0	
  9942192	  10.22005	       -87	          90	            0	                 0	          0	
  9942242	  10.54108	       -87	          89	            0	                 0	          0	
  9942292	  10.66735	       -87	          86	            0	                 0	          0	
  9942342	  10.64757	       -87	          87	            0	                 0	          0	
  9942392	  10.58909	       -86	          88	            0	                 0	          0	
  9942442	  10.72481	       -85	          88	            0	                 0	          0	
  9942492	   10.6855	       -86	          87	            0	                 0	          0	
  9942542	  10.65429	       -85	          87	            0	                 0	          0	
  9942592	  10.82206	       -84	          89	            0	                 0	          0	
  9942642	  10.46104	       -85	          91	            0	                 0	          0	
  9942692	  10.34911	       -86	          88	            0	                 0	          0	
  9942742	   10.5774	       -85	          84	            0	                 0	          0	
  9942792	  10.60167	       -85	          88	            0	                 0	          0	
  9942842	   10.7213	       -86	          92	            0	                 0	          0	
  9942892	  10.83463	       -88	          88	            0	                 0	          0	
  9942942	  10.88285	       -87	          88	            0	                 0	          0	
  9942992	  10.71011	       -85	          89	            0	                 0	          0	
  9943042	  10.60717	       -87	          89	            0	                 0	          0	
  9943092	  10.38687	       -88	          91	            0	                 0	          0	
  9943142	  10.41803	       -88	          86	            0	                 0	          0	
  9943192	  10.55821	       -87	          86	            0	                 0	          0	
  9943242	    10.184	       -85	          91	            0	                 0	          0	
  9943292	  10.35045	       -85	          93	            0	                 0	          0	
  9943342	  10.34425	       -86	          91	            0	                 0	          0	
  9943392	  10.31739	       -87	          85	            0	                 0	          0	
  9943442	  10.44635	       -87	          85	            0	                 0	          0	
  9943492	  10.60457	       -86	          87	            0	                 0	          0	
  9943542	  10.73307	       -86	          89	            0	                 0	          0	
  9943592	  10.61929	       -85	          91	            0	                 0	          0	
  9943642	  10.49255	       -85	          90	            0	                 0	          0	
  9943692	  10.47532	       -86	          90	            0	                 0	          0	
  9943742	  10.45907	       -86	          94	            0	                 0	          0	
  9943792	  10.46138	       -85	          94	            0	                 0	          0	
  9943842	  10.80347	       -84	          92	            0	                 0	          0	
  9943892	  11.00659	       -84	          88	            0	                 0	          0	
  9943942	  10.95268	       -85	          86	            0	                 0	          0	
  9943992	   10.7287	       -86	          92	            0	                 0	          0	
  9944042	   10.9365	       -86	          92	            0	                 0	          0	
  9944092	  10.83085	       -86	          90	            0	                 0	          0	
  9944142	   10.4587	       -87	          92	            0	                 0	          0	
  9944192	  10.47498	       -87	          90	            0	                 0	          0	
  9944242	  10.62184	       -87	          91	            0	                 0	          0	
  9944292	  10.77425	       -87	          94	            0	                 0	          0	
  9944342	  10.65155	       -86	          93	            0	                 0	          0	
  9944392	  10.48298	       -85	          87	            0	                 0	          0	
  9944442	   10.5505	       -86	          89	            0	                 0	          0	
  9944492	   10.6762	       -86	          93	            0	                 0	          0	
  9944542	  10.85206	       -85	          95	            0	                 0	          0	
  9944592	  10.78687	       -86	          92	            0	                 0	          0	
  9944642	  10.31678	       -86	          90	            0	                 0	          0	
  9944692	  10.27928	       -85	          94	            0	                 0	          0	
  9944742	  10.24981	       -86	          90	            0	                 0	          0	
  9944792	  10.33419	       -87	          82	            0	                 0	          0	
  9944842	  10.19262	       -86	          87	            0	                 0	          0	
  9944892	  10.22734	       -85	          94	            0	                 0	          0	
  9944942	  10.28228	       -85	          89	            0	                 0	          0	
  9944992	  10.22031	       -85	          83	            0	                 0	          0	
  9945042	  10.23508	       -86	          85	            0	                 0	          0	
  9945092	  10.23552	       -86	          90	            0	                 0	          0	
  9945142	  10.37509	       -85	          91	            0	                 0	          0	
  9945192	  10.46749	       -84	          90	            0	                 0	          0	
  9945242	  10.38802	       -85	          93	            0	                 0	          0	
  9945292	  10.21964	       -87	          90	            0	                 0	          0	
  9945342	  10.09145	       -86	          85	            0	                 0	          0	
  9945392	  10.21089	       -86	          86	            0	                 0	          0	
  9945442	  10.39404	       -87	          86	            0	                 0	          0	
  9945492	  10.29332	       -88	          85	            0	                 0	          0	
  9945542	  10.26827	       -87	          89	            0	                 0	          0	
  9945592	   10.2359	       -85	          91	            0	                 0	          0	
  9945642	  10.14747	       -83	          88	            0	                 0	          0	
  9945692	  10.02278	       -84	          89	            0	                 0	          0	
  9945742	   9.91831	       -85	          90	            0	                 0	          0	
  9945792	   10.3015	       -86	          83	            0	                 0	          0	
  9945842	  10.72988	       -85	          86	            0	                 0	          0	
  9945892	  10.45769	       -86	          88	            0	                 0	          0	
  9945942	   10.1833	       -86	          83	            0	                 0	          0	
  9945992	  10.21548	       -86	          82	            0	                 0	          0	
  9946042	  10.31894	       -86	          85	            0	                 0	          0	
  9946092	   10.6443	       -85	          85	            0	                 0	          0	
  9946142	  10.58493	       -85	          84	            0	                 0	          0	
  9946192	   10.2388	       -87	          89	            0	                 0	          0	
  9946242	  10.07749	       -87	          92	            0	                 0	          0	
  9946292	  10.01208	       -85	          92	            0	                 0	          0	
  9946342	  10.34965	       -86	          93	            0	                 0	          0	
  9946392	  10.35057	       -86	          90	            0	                 0	          0	
  9946442	  10.03742	       -84	          89	            0	                 0	          0	
  9946492	  10.30272	       -84	          97	            0	                 0	          0	
  9946542	  10.29566	       -85	          97	            0	                 0	          0	
  9946592	  10.05842	       -86	          88	            0	                 0	          0	
  9946642	  10.24018	       -85	          88	            0	                 0	          0	
  9946692	  10.56094	       -85	          83	            0	                 0	          0	
  9946742	  10.56425	       -87	          82	            0	                 0	          0	
  9946792	  10.42855	       -86	          89	            0	                 0	          0	
  9946842	   10.4513	       -87	          89	            0	                 0	          0	
  9946892	  10.44756	       -88	          90	            0	                 0	          0	
  9946942	  10.32262	       -86	          92	            0	                 0	          0	
  9946992	  10.26263	       -84	          87	            0	                 0	          0	
  9947042	  10.40495	       -85	          88	            0	                 0	          0	
  9947092	  10.22854	       -85	          89	            0	                 0	          0	
  9947142	  10.16977	       -85	          87	            0	                 0	          0	
  9947192	  10.48384	       -86	          91	            0	                 0	          0	
  9947242	  10.60224	       -85	          90	            0	                 0	          0	
  9947292	   10.8559	       -84	          83	            0	                 0	          0	
  9947342	  10.80685	       -86	          86	            0	                 0	          0	
  9947392	  10.89185	       -87	          93	            0	                 0	          0	
  9947442	  10.63774	       -86	          86	            0	                 0	          0	
  9947492	  10.31746	       -84	          83	            0	                 0	          0	
  9947542	   10.5364	       -85	          85	            0	                 0	          0	
  9947592	  10.61356	       -86	          84	            0	                 0	          0	
  9947642	   10.7981	       -87	          87	            0	                 0	          0	
  9947692	  10.90854	       -86	          90	            0	                 0	          0	
  9947742	  10.63902	       -86	          86	            0	                 0	          0	
  9947792	  10.06885	       -87	          83	            0	                 0	          0	
