TimeStamp	ForceValue	AxialAngle	LateralAngle	MetalSeverity	InAccurateSeverity	NeedZeroing	
  9957642	  15.00571	       -83	         106	            0	                 0	          0	
  9957692	  14.74299	       -84	         104	            0	                 0	          0	
  9957742	  14.68257	       -84	         103	            0	                 0	          0	
  9957792	  14.88147	       -83	         103	            0	                 0	          0	
  9957842	  14.70829	       -85	          99	            0	                 0	          0	
  9957892	  14.75818	       -85	          99	            0	                 0	          0	
  9957942	  14.81791	       -85	         100	            0	                 0	          0	
  9957992	  14.53189	       -85	         101	            0	                 0	          0	
  9958042	  14.85159	       -85	         101	            0	                 0	          0	
  9958092	   15.1334	       -84	         102	            0	                 0	          0	
  9958142	  14.82611	       -84	         106	            0	                 0	          0	
  9958192	  14.68274	       -84	         105	            0	                 0	          0	
  9958242	  14.67009	       -83	         104	            0	                 0	          0	
  9958292	  14.66918	       -83	         105	            0	                 0	          0	
  9958342	  14.43043	       -83	         103	            0	                 0	          0	
  9958392	  14.16973	       -83	          99	            0	                 0	          0	
  9958442	  14.59393	       -84	         102	            0	                 0	          0	
  9958492	  14.68464	       -85	         104	            0	                 0	          0	
  9958542	  14.67558	       -84	         104	            0	                 0	          0	
  9958592	  14.78701	       -84	         103	            0	                 0	          0	
  9958642	  14.66428	       -85	         103	            0	                 0	          0	
  9958692	  14.72476	       -85	         103	            0	                 0	          0	
  9958742	  14.54424	       -85	         103	            0	                 0	          0	
  9958792	  14.66386	       -85	         106	            0	                 0	          0	
  9958842	  14.68236	       -85	         106	            0	                 0	          0	
  9958892	  14.63101	       -85	         102	            0	                 0	          0	
  9958942	    14.858	       -83	         105	            0	                 0	          0	
  9958992	  14.99092	       -83	         106	            0	                 0	          0	
  9959042	  15.26145	       -84	         105	            0	                 0	          0	
  9959092	  14.93105	       -84	         101	            0	                 0	          0	
  9959142	  14.74196	       -84	         101	            0	                 0	          0	
  9959192	  15.37871	       -84	         108	            0	                 0	          0	
  9959242	  15.33685	       -82	         108	            0	                 0	          0	
  9959292	  15.23458	       -83	         104	            0	                 0	          0	
  9959342	  15.18632	       -84	         107	            0	                 0	          0	
  9959392	  14.90688	       -84	         109	            0	                 0	          0	
  9959442	  15.50908	       -84	         108	            0	                 0	          0	
  9959492	  15.33302	       -83	         106	            0	                 0	          0	
  9959542	  14.78997	       -83	         102	            0	                 0	          0	
  9959592	  15.29045	       -84	         108	            0	                 0	          0	
  9959642	  15.50399	       -85	         109	            0	                 0	          0	
  9959692	  15.14875	       -84	         104	            0	                 0	          0	
  9959742	  14.84389	       -83	         102	            0	                 0	          0	
  9959792	  14.67509	       -83	         102	            0	                 0	          0	
  9959842	  14.59537	       -83	         102	            0	                 0	          0	
  9959892	  14.87385	       -83	         106	            0	                 0	          0	
  9959942	  14.86517	       -84	         103	            0	                 0	          0	
  9959992	  14.60176	       -85	         101	            0	                 0	          0	
  9960042	  14.75601	       -84	         104	            0	                 0	          0	
  9960092	  14.90818	       -84	         102	            0	                 0	          0	
  9960142	  14.80163	       -85	         101	            0	                 0	          0	
  9960192	   14.6907	       -85	         102	            0	                 0	          0	
  9960242	  14.89366	       -85	         105	            0	                 0	          0	
  9960292	  15.12339	       -84	         107	            0	                 0	          0	
  9960342	   15.0355	       -84	         106	            0	                 0	          0	
  9960392	  14.76693	       -84	         103	            0	                 0	          0	
  9960442	  14.76016	       -83	         104	            0	                 0	          0	
  9960492	  14.62196	       -84	         105	            0	                 0	          0	
  9960542	  14.57495	       -85	         107	            0	                 0	          0	
  9960592	  14.61116	       -84	         108	            0	                 0	          0	
  9960642	  14.44824	       -83	         107	            0	                 0	          0	
  9960692	  14.75698	       -84	         107	            0	                 0	          0	
  9960742	  15.04714	       -84	         108	            0	                 0	          0	
  9960792	  15.18173	       -83	         111	            0	                 0	          0	
  9960842	  14.84615	       -83	         108	            0	                 0	          0	
  9960892	  14.73588	       -83	         105	            0	                 0	          0	
  9960942	  14.74724	       -83	         106	            0	                 0	          0	
  9960992	  14.90214	       -83	         108	            0	                 0	          0	
  9961042	  15.29087	       -83	         111	            0	                 0	          0	
  9961092	  14.95695	       -84	         108	            0	                 0	          0	
  9961142	  14.95041	       -84	         109	            0	                 0	          0	
  9961192	  15.24649	       -84	         109	            0	                 0	          0	
  9961242	  15.53928	       -85	         109	            0	                 0	          0	
  9961292	  15.44834	       -84	         112	            0	                 0	          0	
  9961342	  14.93159	       -84	         108	            0	                 0	          0	
  9961392	  14.95057	       -84	         106	            0	                 0	          0	
  9961442	  14.63253	       -84	         107	            0	                 0	          0	
  9961492	  14.72787	       -85	         106	            0	                 0	          0	
  9961542	  14.95063	       -85	         108	            0	                 0	          0	
  9961592	  14.56107	       -84	         108	            0	                 0	          0	
  9961642	  14.51878	       -83	         105	            0	                 0	          0	
  9961692	  14.59959	       -83	         103	            0	                 0	          0	
  9961742	  14.79503	       -83	         105	            0	                 0	          0	
  9961792	  15.01805	       -82	         107	            0	                 0	          0	
  9961842	  14.83674	       -82	         105	            0	                 0	          0	
  9961892	  14.92561	       -84	         106	            0	                 0	          0	
  9961942	  15.01324	       -85	         107	            0	                 0	          0	
  9961992	  15.01537	       -84	         109	            0	                 0	          0	
  9962042	  14.84012	       -84	         108	            0	                 0	          0	
  9962092	   14.6094	       -84	         106	            0	                 0	          0	
  9962142	  14.65372	       -83	         105	            0	                 0	          0	
  9962192	  14.51326	       -83	         106	            0	                 0	          0	
  9962242	  14.55345	       -83	         104	            0	                 0	          0	
  9962292	  14.83655	       -83	         105	            0	                 0	          0	
  9962342	  15.45179	       -84	         109	            0	                 0	          0	
  9962392	  15.40013	       -82	         108	            0	                 0	          0	
  9962442	   14.7859	       -82	         106	            0	                 0	          0	
  9962492	  15.00248	       -85	         107	            0	                 0	          0	
  9962542	  14.98102	       -84	         107	            0	                 0	          0	
  9962592	   14.9283	       -83	         109	            0	                 0	          0	
  9962642	  15.22836	       -83	         110	            0	                 0	          0	
  9962692	  15.00629	       -83	         106	            0	                 0	          0	
  9962742	  14.77324	       -82	         107	            0	                 0	          0	
  9962792	  14.84697	       -83	         110	            0	                 0	          0	
  9962842	  14.71456	       -85	         108	            0	                 0	          0	
  9962892	  14.74464	       -84	         106	            0	                 0	          0	
  9962942	  14.87702	       -83	         105	            0	                 0	          0	
  9962992	  14.74338	       -82	         107	            0	                 0	          0	
  9963042	   14.8745	       -83	         111	            0	                 0	          0	
  9963092	  15.37814	       -84	         113	            0	                 0	          0	
  9963142	  15.42874	       -84	         111	            0	                 0	          0	
  9963192	   15.0998	       -84	         107	            0	                 0	          0	
  9963242	   15.1022	       -83	         108	            0	                 0	          0	
  9963292	  15.16546	       -83	         110	            0	                 0	          0	
  9963342	  15.26385	       -84	         110	            0	                 0	          0	
  9963392	  15.44613	       -84	         110	            0	                 0	          0	
  9963442	  15.17403	       -83	         107	            0	                 0	          0	
  9963492	  15.12904	       -83	         104	            0	                 0	          0	
  9963542	  15.33287	       -83	         109	            0	                 0	          0	
  9963592	  15.16746	       -84	         112	            0	                 0	          0	
  9963642	  15.00878	       -84	         111	            0	                 0	          0	
  9963692	   14.7885	       -83	         108	            0	                 0	          0	
  9963742	  14.64954	       -83	         105	            0	                 0	          0	
  9963792	  14.75096	       -84	         105	            0	                 0	          0	
  9963842	  14.62214	       -84	         107	            0	                 0	          0	
  9963892	  14.47219	       -84	         107	            0	                 0	          0	
  9963942	  14.78664	       -84	         107	            0	                 0	          0	
  9963992	  14.88216	       -83	         108	            0	                 0	          0	
  9964042	  14.78201	       -84	         105	            0	                 0	          0	
  9964092	  14.80879	       -84	         103	            0	                 0	          0	
  9964142	    14.875	       -83	         105	            0	                 0	          0	
  9964192	  15.06811	       -84	         108	            0	                 0	          0	
  9964242	  14.82636	       -83	         108	            0	                 0	          0	
  9964292	  15.42646	       -82	         112	            0	                 0	          0	
  9964342	  16.01068	       -83	         114	            0	                 0	          0	
  9964392	  15.03174	       -84	         109	            0	                 0	          0	
  9964442	  14.52774	       -82	         103	            0	                 0	          0	
  9964492	  14.65204	       -83	         101	            0	                 0	          0	
  9964542	  14.82543	       -83	         105	            0	                 0	          0	
  9964592	  14.78082	       -84	         106	            0	                 0	          0	
  9964642	  14.76936	       -83	         107	            0	                 0	          0	
  9964692	   14.8743	       -81	         107	            0	                 0	          0	
  9964742	   14.6604	       -81	         106	            0	                 0	          0	
  9964792	  14.88893	       -83	         109	            0	                 0	          0	
  9964842	  14.97666	       -83	         109	            0	                 0	          0	
  9964892	  14.85068	       -82	         109	            0	                 0	          0	
  9964942	  14.89838	       -82	         111	            0	                 0	          0	
  9964992	  14.95253	       -83	         110	            0	                 0	          0	
  9965042	  14.95489	       -83	         107	            0	                 0	          0	
  9965092	   14.6131	       -84	         106	            0	                 0	          0	
  9965142	  14.81507	       -84	         109	            0	                 0	          0	
  9965192	  14.73487	       -83	         108	            0	                 0	          0	
  9965242	  14.76354	       -82	         105	            0	                 0	          0	
  9965292	  15.13873	       -83	         107	            0	                 0	          0	
  9965342	  14.76345	       -82	         107	            0	                 0	          0	
  9965392	  14.73986	       -82	         109	            0	                 0	          0	
  9965442	  15.37083	       -82	         112	            0	                 0	          0	
  9965492	  15.24007	       -82	         109	            0	                 0	          0	
  9965542	  14.98813	       -84	         105	            0	                 0	          0	
  9965592	  14.87782	       -84	         105	            0	                 0	          0	
  9965642	  14.57789	       -84	         103	            0	                 0	          0	
  9965692	  14.95908	       -85	         105	            0	                 0	          0	
  9965742	  14.93825	       -84	         107	            0	                 0	          0	
  9965792	  14.67617	       -83	         107	            0	                 0	          0	
  9965842	  14.76945	       -83	         108	            0	                 0	          0	
  9965892	  14.33253	       -82	         105	            0	                 0	          0	
  9965942	  14.25294	       -81	         105	            0	                 0	          0	
  9965992	  14.56333	       -81	         105	            0	                 0	          0	
  9966042	   14.8336	       -83	         106	            0	                 0	          0	
  9966092	  14.78015	       -84	         107	            0	                 0	          0	
  9966142	  14.81673	       -83	         107	            0	                 0	          0	
  9966192	  15.09207	       -83	         109	            0	                 0	          0	
  9966242	   15.2319	       -83	         112	            0	                 0	          0	
  9966292	  15.13461	       -82	         113	            0	                 0	          0	
  9966342	  14.49152	       -82	         109	            0	                 0	          0	
  9966392	   14.5153	       -82	         108	            0	                 0	          0	
  9966442	   14.9348	       -82	         109	            0	                 0	          0	
  9966492	  15.04593	       -83	         108	            0	                 0	          0	
  9966542	  15.00053	       -83	         108	            0	                 0	          0	
  9966592	  14.87803	       -83	         109	            0	                 0	          0	
  9966642	  14.92988	       -83	         110	            0	                 0	          0	
  9966692	  14.96008	       -82	         109	            0	                 0	          0	
  9966742	  15.04214	       -82	         109	            0	                 0	          0	
  9966792	  15.55665	       -82	         114	            0	                 0	          0	
  9966842	  15.48056	       -82	         115	            0	                 0	          0	
  9966892	  14.72295	       -82	         109	            0	                 0	          0	
  9966942	  14.45844	       -83	         107	            0	                 0	          0	
  9966992	  14.59868	       -84	         109	            0	                 0	          0	
  9967042	  15.07323	       -84	         111	            0	                 0	          0	
  9967092	  14.57313	       -84	         107	            0	                 0	          0	
  9967142	  14.46029	       -84	         105	            0	                 0	          0	
  9967192	  14.83867	       -83	         108	            0	                 0	          0	
  9967242	  14.75356	       -83	         106	            0	                 0	          0	
  9967292	  14.97204	       -84	         108	            0	                 0	          0	
  9967342	    14.812	       -84	         108	            0	                 0	          0	
  9967392	  14.58095	       -84	         107	            0	                 0	          0	
  9967442	  14.71339	       -83	         108	            0	                 0	          0	
  9967492	  14.71299	       -83	         106	            0	                 0	          0	
  9967542	  14.69147	       -83	         106	            0	                 0	          0	
  9967592	  14.72221	       -84	         107	            0	                 0	          0	
  9967642	  14.75598	       -84	         106	            0	                 0	          0	
  9967692	  14.68304	       -84	         109	            0	                 0	          0	
  9967742	  14.97583	       -84	         108	            0	                 0	          0	
  9967792	  14.95075	       -82	         107	            0	                 0	          0	
  9967842	   14.5982	       -81	         107	            0	                 0	          0	
  9967892	  14.94285	       -82	         110	            0	                 0	          0	
  9967942	  14.81122	       -83	         112	            0	                 0	          0	
  9967992	   14.7101	       -82	         113	            0	                 0	          0	
  9968042	  14.98956	       -83	         113	            0	                 0	          0	
  9968092	  14.72207	       -85	         110	            0	                 0	          0	
  9968142	  14.84194	       -84	         109	            0	                 0	          0	
  9968192	   14.9399	       -83	         107	            0	                 0	          0	
  9968242	  14.39418	       -84	         105	            0	                 0	          0	
  9968292	  14.30674	       -84	         108	            0	                 0	          0	
  9968342	   14.7281	       -84	         109	            0	                 0	          0	
  9968392	  15.07987	       -83	         108	            0	                 0	          0	
  9968442	  15.10667	       -83	         109	            0	                 0	          0	
  9968492	  14.90467	       -83	         108	            0	                 0	          0	
  9968542	  14.61837	       -83	         106	            0	                 0	          0	
  9968592	  14.76008	       -84	         109	            0	                 0	          0	
  9968642	  14.86552	       -84	         110	            0	                 0	          0	
  9968692	  14.95041	       -84	         112	            0	                 0	          0	
  9968742	  14.84667	       -83	         109	            0	                 0	          0	
  9968792	  14.83427	       -83	         107	            0	                 0	          0	
  9968842	  14.94182	       -83	         111	            0	                 0	          0	
  9968892	  14.75189	       -83	         111	            0	                 0	          0	
  9968942	  14.94649	       -83	         107	            0	                 0	          0	
  9968992	  15.10641	       -85	         109	            0	                 0	          0	
  9969042	  14.85123	       -85	         108	            0	                 0	          0	
  9969092	  14.73978	       -84	         104	            0	                 0	          0	
  9969142	  14.89075	       -84	         106	            0	                 0	          0	
  9969192	   14.8637	       -82	         107	            0	                 0	          0	
  9969242	   14.9937	       -82	         110	            0	                 0	          0	
  9969292	  15.04743	       -84	         110	            0	                 0	          0	
  9969342	  14.66042	       -82	         106	            0	                 0	          0	
  9969392	  14.60454	       -83	         108	            0	                 0	          0	
  9969442	  14.84561	       -84	         111	            0	                 0	          0	
  9969492	   14.9437	       -84	         111	            0	                 0	          0	
  9969542	   15.1391	       -84	         110	            0	                 0	          0	
  9969592	  14.99387	       -83	         112	            0	                 0	          0	
  9969642	  14.58625	       -84	         109	            0	                 0	          0	
  9969692	    14.483	       -83	         106	            0	                 0	          0	
  9969742	  14.87544	       -81	         109	            0	                 0	          0	
  9969792	  14.63241	       -82	         108	            0	                 0	          0	
  9969842	  14.50681	       -83	         105	            0	                 0	          0	
  9969892	  14.91259	       -83	         108	            0	                 0	          0	
  9969942	  14.53177	       -83	         106	            0	                 0	          0	
  9969992	  14.55718	       -84	         106	            0	                 0	          0	
  9970042	  14.96039	       -84	         109	            0	                 0	          0	
  9970092	  15.13785	       -83	         108	            0	                 0	          0	
  9970142	  15.08568	       -82	         107	            0	                 0	          0	
  9970192	  14.77354	       -82	         106	            0	                 0	          0	
  9970242	   14.7218	       -84	         106	            0	                 0	          0	
  9970292	  14.58279	       -84	         105	            0	                 0	          0	
  9970342	  14.48835	       -83	         105	            0	                 0	          0	
  9970392	  14.71769	       -83	         109	            0	                 0	          0	
  9970442	  14.73814	       -83	         109	            0	                 0	          0	
  9970492	  14.87334	       -83	         108	            0	                 0	          0	
  9970542	   14.8386	       -84	         111	            0	                 0	          0	
  9970592	  14.82614	       -82	         113	            0	                 0	          0	
  9970642	  15.07633	       -81	         114	            0	                 0	          0	
  9970692	  14.84901	       -83	         110	            0	                 0	          0	
  9970742	  14.84982	       -83	         109	            0	                 0	          0	
  9970792	  15.05185	       -83	         110	            0	                 0	          0	
  9970842	  14.91901	       -84	         109	            0	                 0	          0	
  9970892	  14.74052	       -84	         107	            0	                 0	          0	
  9970942	   14.9083	       -83	         107	            0	                 0	          0	
  9970992	  14.80832	       -84	         108	            0	                 0	          0	
  9971042	  14.47658	       -84	         107	            0	                 0	          0	
  9971092	  14.27775	       -83	         104	            0	                 0	          0	
  9971142	  14.64713	       -82	         106	            0	                 0	          0	
  9971192	  15.17179	       -82	         108	            0	                 0	          0	
  9971242	  14.91385	       -82	         107	            0	                 0	          0	
  9971292	  14.47099	       -82	         108	            0	                 0	          0	
  9971342	  14.39729	       -83	         107	            0	                 0	          0	
  9971392	  14.52619	       -83	         106	            0	                 0	          0	
  9971442	  14.75686	       -83	         109	            0	                 0	          0	
  9971492	   14.7108	       -84	         111	            0	                 0	          0	
  9971542	   14.1075	       -84	         109	            0	                 0	          0	
  9971592	  14.27247	       -82	         107	            0	                 0	          0	
  9971642	   15.0371	       -82	         109	            0	                 0	          0	
  9971692	  14.78769	       -83	         109	            0	                 0	          0	
  9971742	  14.59593	       -84	         109	            0	                 0	          0	
  9971792	  14.85323	       -84	         111	            0	                 0	          0	
  9971842	  14.51172	       -84	         108	            0	                 0	          0	
  9971892	  14.31626	       -83	         107	            0	                 0	          0	
  9971942	  14.43636	       -82	         109	            0	                 0	          0	
  9971992	  14.39036	       -82	         107	            0	                 0	          0	
  9972042	  14.44089	       -84	         108	            0	                 0	          0	
  9972092	  14.81649	       -83	         110	            0	                 0	          0	
  9972142	  14.65689	       -83	         108	            0	                 0	          0	
  9972192	  14.38331	       -83	         105	            0	                 0	          0	
  9972242	  14.26285	       -83	         109	            0	                 0	          0	
  9972292	  14.41182	       -83	         111	            0	                 0	          0	
  9972342	  14.63432	       -83	         109	            0	                 0	          0	
  9972392	   14.4478	       -82	         107	            0	                 0	          0	
  9972442	  14.47234	       -82	         107	            0	                 0	          0	
  9972492	  14.35414	       -83	         108	            0	                 0	          0	
  9972542	  14.39022	       -83	         107	            0	                 0	          0	
  9972592	  14.96041	       -83	         111	            0	                 0	          0	
  9972642	  15.20077	       -83	         113	            0	                 0	          0	
  9972692	  14.79441	       -83	         110	            0	                 0	          0	
  9972742	  14.60771	       -83	         109	            0	                 0	          0	
  9972792	  14.81544	       -82	         110	            0	                 0	          0	
  9972842	  14.90961	       -83	         106	            0	                 0	          0	
  9972892	  14.83155	       -83	         106	            0	                 0	          0	
  9972942	  14.73041	       -83	         108	            0	                 0	          0	
  9972992	  14.87344	       -82	         109	            0	                 0	          0	
  9973042	  14.75215	       -83	         107	            0	                 0	          0	
  9973092	  14.70854	       -83	         109	            0	                 0	          0	
  9973142	  14.56135	       -83	         111	            0	                 0	          0	
  9973192	  14.28091	       -83	         108	            0	                 0	          0	
  9973242	  14.59377	       -83	         110	            0	                 0	          0	
  9973292	  14.85191	       -83	         114	            0	                 0	          0	
  9973342	  14.91554	       -82	         114	            0	                 0	          0	
  9973392	  14.96225	       -83	         110	            0	                 0	          0	
  9973442	  14.66699	       -83	         109	            0	                 0	          0	
  9973492	  14.25982	       -83	         108	            0	                 0	          0	
  9973542	  14.56561	       -84	         107	            0	                 0	          0	
  9973592	  14.99832	       -84	         109	            0	                 0	          0	
  9973642	  15.08874	       -82	         112	            0	                 0	          0	
  9973692	  14.57443	       -82	         108	            0	                 0	          0	
  9973742	  14.32224	       -84	         102	            0	                 0	          0	
  9973792	  14.43815	       -84	         103	            0	                 0	          0	
  9973842	  14.65652	       -84	         108	            0	                 0	          0	
  9973892	  14.74266	       -84	         110	            0	                 0	          0	
  9973942	   14.5473	       -84	         110	            0	                 0	          0	
  9973992	  14.54549	       -84	         111	            0	                 0	          0	
  9974042	  14.66999	       -84	         107	            0	                 0	          0	
  9974092	  14.93641	       -83	         108	            0	                 0	          0	
  9974142	  14.77153	       -84	         109	            0	                 0	          0	
  9974192	  14.48172	       -84	         107	            0	                 0	          0	
  9974242	   14.4243	       -83	         106	            0	                 0	          0	
  9974292	  14.37941	       -83	         105	            0	                 0	          0	
  9974342	  14.55708	       -82	         104	            0	                 0	          0	
  9974392	  14.86701	       -82	         109	            0	                 0	          0	
  9974442	  14.99402	       -82	         112	            0	                 0	          0	
  9974492	   14.5701	       -82	         108	            0	                 0	          0	
  9974542	  14.32184	       -83	         107	            0	                 0	          0	
  9974592	  14.70475	       -83	         107	            0	                 0	          0	
  9974642	  14.54862	       -83	         105	            0	                 0	          0	
  9974692	   14.2172	       -83	         105	            0	                 0	          0	
  9974742	  14.39731	       -83	         106	            0	                 0	          0	
  9974792	  14.39735	       -83	         108	            0	                 0	          0	
  9974842	  14.62536	       -83	         109	            0	                 0	          0	
  9974892	  14.85571	       -82	         109	            0	                 0	          0	
  9974942	  14.74588	       -82	         107	            0	                 0	          0	
  9974992	  14.50429	       -83	         106	            0	                 0	          0	
  9975042	   14.3123	       -83	         105	            0	                 0	          0	
  9975092	  14.34468	       -82	         105	            0	                 0	          0	
  9975142	  14.46567	       -83	         107	            0	                 0	          0	
  9975192	  14.44384	       -82	         109	            0	                 0	          0	
  9975242	  14.41344	       -82	         109	            0	                 0	          0	
  9975292	  14.30714	       -83	         109	            0	                 0	          0	
  9975342	   14.5114	       -83	         109	            0	                 0	          0	
  9975392	  14.73999	       -83	         110	            0	                 0	          0	
  9975442	  14.49177	       -83	         110	            0	                 0	          0	
  9975492	  14.45364	       -83	         109	            0	                 0	          0	
  9975542	  14.66974	       -83	         111	            0	                 0	          0	
  9975592	  14.97628	       -83	         112	            0	                 0	          0	
  9975642	  14.71936	       -84	         109	            0	                 0	          0	
  9975692	  14.47474	       -83	         107	            0	                 0	          0	
  9975742	  14.37989	       -83	         109	            0	                 0	          0	
  9975792	  14.39872	       -82	         109	            0	                 0	          0	
  9975842	  14.59802	       -83	         108	            0	                 0	          0	
  9975892	  14.55445	       -85	         109	            0	                 0	          0	
  9975942	  14.54673	       -84	         109	            0	                 0	          0	
  9975992	  14.47762	       -83	         109	            0	                 0	          0	
  9976042	  14.94501	       -83	         112	            0	                 0	          0	
  9976092	  14.97637	       -82	         110	            0	                 0	          0	
  9976142	  14.61716	       -82	         107	            0	                 0	          0	
  9976192	   15.0527	       -83	         109	            0	                 0	          0	
  9976242	  14.79099	       -83	         108	            0	                 0	          0	
  9976292	   14.2657	       -83	         106	            0	                 0	          0	
  9976342	  14.51657	       -83	         106	            0	                 0	          0	
  9976392	  14.56719	       -83	         108	            0	                 0	          0	
  9976442	  14.57899	       -83	         109	            0	                 0	          0	
  9976492	   14.5925	       -83	         107	            0	                 0	          0	
  9976542	  14.43988	       -83	         106	            0	                 0	          0	
  9976592	   14.2556	       -82	         107	            0	                 0	          0	
  9976642	  14.49965	       -83	         108	            0	                 0	          0	
  9976692	   14.8619	       -82	         109	            0	                 0	          0	
  9976742	  14.75586	       -82	         107	            0	                 0	          0	
  9976792	  14.43215	       -82	         103	            0	                 0	          0	
  9976842	  14.60593	       -82	         109	            0	                 0	          0	
  9976892	  14.92325	       -82	         113	            0	                 0	          0	
  9976942	  14.48926	       -82	         110	            0	                 0	          0	
  9976992	  14.21745	       -83	         105	            0	                 0	          0	
  9977042	   14.2931	       -82	         103	            0	                 0	          0	
  9977092	  14.40843	       -83	         106	            0	                 0	          0	
  9977142	  14.10568	       -83	         103	            0	                 0	          0	
  9977192	  14.00728	       -82	         103	            0	                 0	          0	
  9977242	  14.54394	       -83	         107	            0	                 0	          0	
  9977292	  14.73454	       -84	         109	            0	                 0	          0	
  9977342	  14.66117	       -83	         109	            0	                 0	          0	
  9977392	  14.75326	       -83	         108	            0	                 0	          0	
  9977442	  14.78086	       -83	         112	            0	                 0	          0	
  9977492	     14.66	       -84	         110	            0	                 0	          0	
  9977542	  14.70626	       -83	         108	            0	                 0	          0	
  9977592	   14.7439	       -82	         110	            0	                 0	          0	
  9977642	  14.36601	       -82	         104	            0	                 0	          0	
  9977692	  14.44387	       -83	         107	            0	                 0	          0	
  9977742	  14.61056	       -83	         111	            0	                 0	          0	
  9977792	     14.13	       -82	         108	            0	                 0	          0	
  9977842	  14.02911	       -82	         108	            0	                 0	          0	
  9977892	  14.29856	       -82	         109	            0	                 0	          0	
  9977942	  14.68432	       -82	         109	            0	                 0	          0	
  9977992	  14.83547	       -83	         110	            0	                 0	          0	
  9978042	  14.42916	       -82	         107	            0	                 0	          0	
  9978092	  14.31498	       -83	         104	            0	                 0	          0	
  9978142	  14.45371	       -84	         107	            0	                 0	          0	
  9978192	  14.51762	       -83	         108	            0	                 0	          0	
  9978242	  14.31626	       -83	         104	            0	                 0	          0	
  9978292	  14.34451	       -83	         104	            0	                 0	          0	
  9978342	  14.47125	       -82	         108	            0	                 0	          0	
  9978392	  14.14674	       -82	         105	            0	                 0	          0	
  9978442	  14.11148	       -82	         104	            0	                 0	          0	
  9978492	  14.46635	       -83	         105	            0	                 0	          0	
  9978542	  14.63097	       -83	         108	            0	                 0	          0	
  9978592	  14.74077	       -83	         112	            0	                 0	          0	
  9978642	  14.71986	       -83	         108	            0	                 0	          0	
  9978692	  14.20906	       -83	         105	            0	                 0	          0	
  9978742	  14.13702	       -83	         106	            0	                 0	          0	
  9978792	  14.64003	       -82	         107	            0	                 0	          0	
  9978842	  14.67782	       -84	         109	            0	                 0	          0	
  9978892	  14.58991	       -84	         109	            0	                 0	          0	
  9978942	  14.37439	       -82	         108	            0	                 0	          0	
  9978992	  14.38563	       -82	         109	            0	                 0	          0	
  9979042	  15.10761	       -82	         112	            0	                 0	          0	
  9979092	   15.2232	       -82	         112	            0	                 0	          0	
  9979142	   14.5045	       -83	         110	            0	                 0	          0	
  9979192	  14.22732	       -83	         108	            0	                 0	          0	
  9979242	  14.27599	       -82	         108	            0	                 0	          0	
  9979292	  14.54632	       -83	         110	            0	                 0	          0	
  9979342	  14.91704	       -83	         111	            0	                 0	          0	
  9979392	  15.02312	       -83	         113	            0	                 0	          0	
  9979442	  14.71503	       -83	         111	            0	                 0	          0	
  9979492	  14.48228	       -84	         110	            0	                 0	          0	
  9979542	  14.46286	       -84	         111	            0	                 0	          0	
  9979592	  14.44631	       -83	         109	            0	                 0	          0	
  9979642	  14.67461	       -83	         109	            0	                 0	          0	
  9979692	  14.63564	       -82	         110	            0	                 0	          0	
  9979742	  14.34038	       -82	         109	            0	                 0	          0	
  9979792	  14.07047	       -83	         107	            0	                 0	          0	
  9979842	   14.1154	       -83	         107	            0	                 0	          0	
  9979892	   14.6346	       -82	         109	            0	                 0	          0	
  9979942	  14.78533	       -83	         109	            0	                 0	          0	
  9979992	  14.43391	       -82	         105	            0	                 0	          0	
  9980042	  14.20176	       -83	         106	            0	                 0	          0	
  9980092	  14.23334	       -83	         107	            0	                 0	          0	
  9980142	  14.50541	       -83	         106	            0	                 0	          0	
  9980192	  14.58462	       -83	         106	            0	                 0	          0	
  9980242	  14.51641	       -83	         106	            0	                 0	          0	
  9980292	  14.48325	       -83	         107	            0	                 0	          0	
  9980342	  14.35667	       -83	         108	            0	                 0	          0	
  9980392	  14.42305	       -83	         106	            0	                 0	          0	
  9980442	  15.05256	       -82	         109	            0	                 0	          0	
  9980492	  14.92883	       -80	         111	            0	                 0	          0	
  9980542	  14.30569	       -81	         107	            0	                 0	          0	
  9980592	  14.42247	       -82	         105	            0	                 0	          0	
  9980642	  14.33603	       -83	         105	            0	                 0	          0	
  9980692	  14.17745	       -83	         105	            0	                 0	          0	
  9980742	  14.25405	       -82	         106	            0	                 0	          0	
  9980792	  14.64034	       -82	         110	            0	                 0	          0	
  9980842	  14.69368	       -82	         111	            0	                 0	          0	
  9980892	  14.54255	       -82	         109	            0	                 0	          0	
  9980942	  14.40667	       -83	         108	            0	                 0	          0	
  9980992	  14.37066	       -83	         109	            0	                 0	          0	
  9981042	  14.16495	       -83	         107	            0	                 0	          0	
  9981092	  14.22751	       -83	         106	            0	                 0	          0	
  9981142	  14.21027	       -82	         106	            0	                 0	          0	
  9981192	  14.32512	       -82	         106	            0	                 0	          0	
  9981242	  14.64739	       -83	         109	            0	                 0	          0	
  9981292	   14.3225	       -83	         106	            0	                 0	          0	
  9981342	  14.68297	       -83	         107	            0	                 0	          0	
  9981392	  14.82491	       -84	         110	            0	                 0	          0	
  9981442	  14.57117	       -84	         111	            0	                 0	          0	
  9981492	  14.74379	       -82	         111	            0	                 0	          0	
  9981542	  14.84815	       -83	         109	            0	                 0	          0	
  9981592	   14.4781	       -83	         106	            0	                 0	          0	
  9981642	  14.09229	       -81	         104	            0	                 0	          0	
  9981692	  14.11573	       -83	         107	            0	                 0	          0	
  9981742	  14.14666	       -84	         109	            0	                 0	          0	
  9981792	  14.39928	       -82	         109	            0	                 0	          0	
  9981842	  14.59452	       -82	         110	            0	                 0	          0	
  9981892	  14.77546	       -83	         111	            0	                 0	          0	
  9981942	  14.70529	       -83	         110	            0	                 0	          0	
  9981992	  14.67097	       -83	         110	            0	                 0	          0	
  9982042	  14.49898	       -83	         106	            0	                 0	          0	
  9982092	  14.25972	       -82	         102	            0	                 0	          0	
  9982142	  14.25877	       -82	         105	            0	                 0	          0	
  9982192	   14.1063	       -84	         105	            0	                 0	          0	
  9982242	  13.99721	       -83	         106	            0	                 0	          0	
  9982292	  14.21635	       -82	         109	            0	                 0	          0	
  9982342	  14.63936	       -82	         108	            0	                 0	          0	
  9982392	  14.69692	       -82	         107	            0	                 0	          0	
  9982442	  14.50687	       -82	         109	            0	                 0	          0	
  9982492	  14.67731	       -82	         108	            0	                 0	          0	
  9982542	  14.67974	       -82	         106	            0	                 0	          0	
  9982592	  14.60427	       -82	         107	            0	                 0	          0	
  9982642	  14.82739	       -82	         110	            0	                 0	          0	
  9982692	  14.67159	       -82	         110	            0	                 0	          0	
  9982742	  14.43305	       -82	         109	            0	                 0	          0	
  9982792	  14.29036	       -82	         108	            0	                 0	          0	
  9982842	  14.59704	       -84	         109	            0	                 0	          0	
  9982892	  14.40002	       -84	         108	            0	                 0	          0	
  9982942	  14.13125	       -83	         105	            0	                 0	          0	
  9982992	  14.53274	       -83	         109	            0	                 0	          0	
  9983042	  14.46109	       -82	         109	            0	                 0	          0	
  9983092	  14.59114	       -83	         111	            0	                 0	          0	
  9983142	  14.47086	       -81	         110	            0	                 0	          0	
  9983192	  14.16946	       -81	         106	            0	                 0	          0	
  9983242	  14.33283	       -82	         106	            0	                 0	          0	
  9983292	  14.19936	       -82	         104	            0	                 0	          0	
  9983342	  14.07836	       -82	         105	            0	                 0	          0	
  9983392	  14.17264	       -83	         107	            0	                 0	          0	
  9983442	  14.52246	       -84	         110	            0	                 0	          0	
  9983492	  14.63011	       -83	         112	            0	                 0	          0	
  9983542	  14.40864	       -82	         110	            0	                 0	          0	
  9983592	  14.29547	       -82	         107	            0	                 0	          0	
  9983642	  14.33579	       -84	         108	            0	                 0	          0	
  9983692	  14.40246	       -84	         109	            0	                 0	          0	
  9983742	  14.80359	       -83	         111	            0	                 0	          0	
  9983792	  15.05925	       -83	         113	            0	                 0	          0	
  9983842	  14.12124	       -82	         107	            0	                 0	          0	
  9983892	  13.91094	       -83	         106	            0	                 0	          0	
  9983942	  14.32826	       -83	         110	            0	                 0	          0	
  9983992	  14.07944	       -83	         107	            0	                 0	          0	
  9984042	  14.16669	       -82	         105	            0	                 0	          0	
  9984092	  14.53949	       -83	         109	            0	                 0	          0	
  9984142	  14.27683	       -84	         108	            0	                 0	          0	
  9984192	  14.25074	       -83	         108	            0	                 0	          0	
  9984242	  14.90793	       -83	         112	            0	                 0	          0	
  9984292	  14.87834	       -83	         111	            0	                 0	          0	
  9984342	  14.53931	       -83	         107	            0	                 0	          0	
  9984392	  14.65389	       -83	         108	            0	                 0	          0	
  9984442	  14.77307	       -83	         111	            0	                 0	          0	
  9984492	  14.53106	       -81	         110	            0	                 0	          0	
  9984542	  14.51697	       -82	         108	            0	                 0	          0	
  9984592	  14.56176	       -85	         109	            0	                 0	          0	
  9984642	  14.51066	       -84	         110	            0	                 0	          0	
  9984692	  14.36493	       -82	         108	            0	                 0	          0	
  9984742	  14.52676	       -82	         111	            0	                 0	          0	
  9984792	  15.05148	       -83	         113	            0	                 0	          0	
  9984842	  14.65509	       -82	         109	            0	                 0	          0	
  9984892	  14.29025	       -81	         108	            0	                 0	          0	
  9984942	  14.11477	       -82	         108	            0	                 0	          0	
  9984992	  14.31489	       -82	         109	            0	                 0	          0	
  9985042	  14.47849	       -82	         107	            0	                 0	          0	
  9985092	  14.48434	       -83	         106	            0	                 0	          0	
  9985142	    14.369	       -84	         107	            0	                 0	          0	
  9985192	  14.13399	       -84	         108	            0	                 0	          0	
  9985242	  14.42914	       -84	         110	            0	                 0	          0	
  9985292	   14.8774	       -83	         113	            0	                 0	          0	
  9985342	  14.90234	       -82	         112	            0	                 0	          0	
  9985392	  14.73476	       -83	         111	            0	                 0	          0	
  9985442	  14.20703	       -83	         110	            0	                 0	          0	
  9985492	  14.16063	       -83	         110	            0	                 0	          0	
  9985542	   14.5684	       -83	         109	            0	                 0	          0	
  9985592	  14.43641	       -83	         107	            0	                 0	          0	
  9985642	  14.34496	       -83	         108	            0	                 0	          0	
  9985692	   14.2753	       -83	         107	            0	                 0	          0	
  9985742	  14.43222	       -82	         107	            0	                 0	          0	
  9985792	  14.58713	       -84	         108	            0	                 0	          0	
  9985842	  14.17251	       -82	         105	            0	                 0	          0	
  9985892	  13.79129	       -82	         106	            0	                 0	          0	
  9985942	  14.19781	       -83	         108	            0	                 0	          0	
  9985992	  14.57601	       -83	         106	            0	                 0	          0	
  9986042	  14.33632	       -82	         107	            0	                 0	          0	
  9986092	  14.13749	       -82	         109	            0	                 0	          0	
  9986142	  14.51781	       -82	         109	            0	                 0	          0	
  9986192	  14.70895	       -81	         109	            0	                 0	          0	
  9986242	  14.32168	       -83	         109	            0	                 0	          0	
  9986292	  14.29008	       -84	         110	            0	                 0	          0	
  9986342	  14.35165	       -84	         109	            0	                 0	          0	
  9986392	  14.33668	       -82	         107	            0	                 0	          0	
  9986442	   14.2231	       -82	         108	            0	                 0	          0	
  9986492	  14.36961	       -82	         108	            0	                 0	          0	
  9986542	   14.6699	       -83	         109	            0	                 0	          0	
  9986592	   14.3821	       -83	         108	            0	                 0	          0	
  9986642	   14.4092	       -83	         108	            0	                 0	          0	
  9986692	  14.85885	       -83	         110	            0	                 0	          0	
  9986742	  14.43215	       -82	         106	            0	                 0	          0	
  9986792	  13.93597	       -82	         105	            0	                 0	          0	
  9986842	  13.59253	       -83	         101	            0	                 0	          0	
  9986892	  13.84534	       -83	         103	            0	                 0	          0	
  9986942	  14.86018	       -82	         111	            0	                 0	          0	
  9986992	  14.62447	       -83	         111	            0	                 0	          0	
  9987042	  14.10086	       -84	         108	            0	                 0	          0	
  9987092	  14.52448	       -84	         111	            0	                 0	          0	
  9987142	  14.57039	       -84	         110	            0	                 0	          0	
  9987192	  14.45209	       -82	         107	            0	                 0	          0	
  9987242	  14.47357	       -81	         109	            0	                 0	          0	
  9987292	  14.11023	       -83	         108	            0	                 0	          0	
  9987342	  14.34424	       -83	         109	            0	                 0	          0	
  9987392	  14.64685	       -82	         112	            0	                 0	          0	
  9987442	  14.37633	       -82	         110	            0	                 0	          0	
  9987492	  14.09683	       -83	         107	            0	                 0	          0	
  9987542	  14.00879	       -83	         108	            0	                 0	          0	
  9987592	  14.26617	       -84	         112	            0	                 0	          0	
  9987642	   14.5922	       -83	         113	            0	                 0	          0	
  9987692	  14.38799	       -82	         111	            0	                 0	          0	
  9987742	   14.2847	       -83	         110	            0	                 0	          0	
  9987792	  13.91664	       -83	         106	            0	                 0	          0	
  9987842	  13.90648	       -82	         105	            0	                 0	          0	
  9987892	  14.39369	       -83	         108	            0	                 0	          0	
  9987942	  14.88088	       -84	         113	            0	                 0	          0	
  9987992	  15.03347	       -84	         113	            0	                 0	          0	
  9988042	  14.63743	       -84	         108	            0	                 0	          0	
  9988092	  14.46432	       -83	         108	            0	                 0	          0	
  9988142	  14.24608	       -82	         107	            0	                 0	          0	
  9988192	  13.99296	       -83	         108	            0	                 0	          0	
  9988242	  14.35335	       -84	         110	            0	                 0	          0	
  9988292	  14.68541	       -82	         109	            0	                 0	          0	
  9988342	  14.25484	       -81	         106	            0	                 0	          0	
  9988392	  14.14604	       -82	         104	            0	                 0	          0	
  9988442	  14.35171	       -83	         105	            0	                 0	          0	
  9988492	  14.36685	       -82	         108	            0	                 0	          0	
  9988542	  14.24833	       -82	         107	            0	                 0	          0	
  9988592	  14.04783	       -83	         107	            0	                 0	          0	
  9988642	  14.21655	       -83	         108	            0	                 0	          0	
  9988692	  14.71734	       -83	         110	            0	                 0	          0	
  9988742	   14.7126	       -81	         112	            0	                 0	          0	
  9988792	  14.55494	       -82	         111	            0	                 0	          0	
  9988842	  14.38043	       -83	         108	            0	                 0	          0	
  9988892	   13.8659	       -83	         107	            0	                 0	          0	
  9988942	   13.8763	       -82	         108	            0	                 0	          0	
  9988992	  14.39143	       -82	         110	            0	                 0	          0	
  9989042	  14.42975	       -83	         109	            0	                 0	          0	
  9989092	  14.12585	       -83	         106	            0	                 0	          0	
  9989142	  14.22667	       -84	         108	            0	                 0	          0	
  9989192	  14.54422	       -83	         111	            0	                 0	          0	
  9989242	  14.09294	       -82	         107	            0	                 0	          0	
  9989292	  14.08982	       -82	         107	            0	                 0	          0	
  9989342	  14.37608	       -83	         112	            0	                 0	          0	
  9989392	  14.36635	       -84	         112	            0	                 0	          0	
  9989442	   14.5127	       -84	         111	            0	                 0	          0	
  9989492	  14.31768	       -84	         109	            0	                 0	          0	
  9989542	    14.409	       -83	         108	            0	                 0	          0	
  9989592	  14.52661	       -83	         109	            0	                 0	          0	
  9989642	  14.31643	       -82	         109	            0	                 0	          0	
  9989692	  14.21166	       -81	         106	            0	                 0	          0	
  9989742	  14.72186	       -81	         110	            0	                 0	          0	
  9989792	  14.47138	       -82	         110	            0	                 0	          0	
  9989842	  13.95131	       -84	         106	            0	                 0	          0	
  9989892	  14.27173	       -84	         107	            0	                 0	          0	
  9989942	    14.722	       -83	         109	            0	                 0	          0	
  9989992	  14.67787	       -84	         110	            0	                 0	          0	
  9990042	  14.22347	       -83	         109	            0	                 0	          0	
  9990092	  14.58772	       -83	         112	            0	                 0	          0	
  9990142	  14.10407	       -84	         108	            0	                 0	          0	
  9990192	  13.53988	       -83	         103	            0	                 0	          0	
  9990242	  14.22791	       -82	         107	            0	                 0	          0	
  9990292	  14.49263	       -83	         110	            0	                 0	          0	
  9990342	  14.17903	       -83	         108	            0	                 0	          0	
  9990392	  13.97973	       -84	         106	            0	                 0	          0	
  9990442	  13.90524	       -84	         106	            0	                 0	          0	
  9990492	  14.19166	       -84	         109	            0	                 0	          0	
  9990542	  14.41107	       -83	         110	            0	                 0	          0	
  9990592	  14.11054	       -82	         108	            0	                 0	          0	
  9990642	  13.58405	       -82	         105	            0	                 0	          0	
  9990692	  13.51475	       -83	         108	            0	                 0	          0	
  9990742	  13.55071	       -84	         106	            0	                 0	          0	
  9990792	  14.02922	       -84	         106	            0	                 0	          0	
  9990842	  14.29003	       -85	         105	            0	                 0	          0	
  9990892	   13.9961	       -84	         101	            0	                 0	          0	
  9990942	  13.92728	       -83	         105	            0	                 0	          0	
  9990992	  13.61107	       -83	         102	            0	                 0	          0	
  9991042	  13.33621	       -82	         102	            0	                 0	          0	
  9991092	  13.43429	       -82	         107	            0	                 0	          0	
  9991142	  13.75801	       -81	         107	            0	                 0	          0	
  9991192	  13.85662	       -82	         107	            0	                 0	          0	
  9991242	  13.80556	       -83	         106	            0	                 0	          0	
  9991292	  14.10366	       -83	         108	            0	                 0	          0	
  9991342	  14.09733	       -83	         109	            0	                 0	          0	
  9991392	  13.96155	       -83	         108	            0	                 0	          0	
  9991442	  14.21896	       -83	         108	            0	                 0	          0	
  9991492	  13.91932	       -83	         106	            0	                 0	          0	
  9991542	  13.72737	       -84	         105	            0	                 0	          0	
  9991592	   14.1349	       -83	         109	            0	                 0	          0	
  9991642	  14.41502	       -82	         110	            0	                 0	          0	
  9991692	  14.11514	       -85	         103	            0	                 0	          0	
  9991742	  13.96838	       -85	         101	            0	                 0	          0	
  9991792	    14.033	       -83	         104	            0	                 0	          0	
  9991842	  14.01046	       -83	         106	            0	                 0	          0	
  9991892	  14.29002	       -83	         107	            0	                 0	          0	
  9991942	  14.28902	       -84	         106	            0	                 0	          0	
  9991992	  14.14567	       -83	         105	            0	                 0	          0	
  9992042	  13.94648	       -84	         106	            0	                 0	          0	
  9992092	  13.99185	       -84	         108	            0	                 0	          0	
  9992142	  13.79051	       -83	         106	            0	                 0	          0	
  9992192	  13.60213	       -84	         103	            0	                 0	          0	
  9992242	  13.96638	       -84	         105	            0	                 0	          0	
  9992292	  14.15259	       -81	         108	            0	                 0	          0	
  9992342	  14.52611	       -81	         109	            0	                 0	          0	
  9992392	  14.46335	       -82	         109	            0	                 0	          0	
  9992442	  13.91492	       -82	         104	            0	                 0	          0	
  9992492	  13.90558	       -82	         104	            0	                 0	          0	
  9992542	  14.20522	       -82	         109	            0	                 0	          0	
  9992592	  14.18929	       -83	         108	            0	                 0	          0	
  9992642	  14.21636	       -82	         107	            0	                 0	          0	
  9992692	   14.1259	       -83	         106	            0	                 0	          0	
  9992742	  13.98437	       -84	         105	            0	                 0	          0	
  9992792	   14.1409	       -83	         110	            0	                 0	          0	
  9992842	  13.96197	       -83	         110	            0	                 0	          0	
  9992892	  13.90812	       -83	         109	            0	                 0	          0	
  9992942	  14.10388	       -83	         108	            0	                 0	          0	
  9992992	  13.87913	       -82	         108	            0	                 0	          0	
  9993042	  13.74729	       -82	         105	            0	                 0	          0	
  9993092	   14.1148	       -82	         106	            0	                 0	          0	
  9993142	  13.95305	       -82	         107	            0	                 0	          0	
  9993192	  13.59654	       -82	         105	            0	                 0	          0	
  9993242	  13.86271	       -83	         106	            0	                 0	          0	
  9993292	  13.75824	       -82	         104	            0	                 0	          0	
  9993342	   13.5777	       -82	         103	            0	                 0	          0	
  9993392	  13.68509	       -82	         107	            0	                 0	          0	
  9993442	  13.77133	       -83	         108	            0	                 0	          0	
  9993492	  13.85558	       -81	         108	            0	                 0	          0	
  9993542	  13.89316	       -80	         108	            0	                 0	          0	
  9993592	  14.01199	       -83	         107	            0	                 0	          0	
  9993642	  14.41783	       -84	         108	            0	                 0	          0	
  9993692	  14.42948	       -82	         108	            0	                 0	          0	
  9993742	  14.12858	       -82	         108	            0	                 0	          0	
  9993792	  13.94884	       -82	         107	            0	                 0	          0	
  9993842	   13.6345	       -81	         106	            0	                 0	          0	
  9993892	  14.09095	       -82	         108	            0	                 0	          0	
  9993942	  14.19412	       -83	         108	            0	                 0	          0	
  9993992	   13.9172	       -82	         107	            0	                 0	          0	
  9994042	  13.99898	       -82	         107	            0	                 0	          0	
  9994092	  13.97884	       -83	         106	            0	                 0	          0	
  9994142	  14.22158	       -83	         107	            0	                 0	          0	
  9994192	   14.1254	       -82	         108	            0	                 0	          0	
  9994242	  13.61552	       -82	         106	            0	                 0	          0	
  9994292	  13.97198	       -82	         108	            0	                 0	          0	
  9994342	  14.28125	       -82	         109	            0	                 0	          0	
  9994392	  13.83358	       -82	         105	            0	                 0	          0	
  9994442	  13.61106	       -82	         104	            0	                 0	          0	
  9994492	  13.75652	       -82	         105	            0	                 0	          0	
  9994542	  14.39546	       -82	         110	            0	                 0	          0	
  9994592	  14.35709	       -83	         111	            0	                 0	          0	
  9994642	  14.04968	       -83	         107	            0	                 0	          0	
  9994692	   13.9433	       -84	         108	            0	                 0	          0	
  9994742	  13.87558	       -83	         107	            0	                 0	          0	
  9994792	  13.95301	       -82	         104	            0	                 0	          0	
  9994842	  13.71619	       -82	         103	            0	                 0	          0	
  9994892	  13.83939	       -83	         108	            0	                 0	          0	
  9994942	  14.30314	       -83	         110	            0	                 0	          0	
  9994992	  14.20854	       -83	         107	            0	                 0	          0	
  9995042	  13.97962	       -84	         107	            0	                 0	          0	
  9995092	  14.11276	       -84	         107	            0	                 0	          0	
  9995142	  13.83938	       -82	         104	            0	                 0	          0	
  9995192	  13.68776	       -82	         105	            0	                 0	          0	
  9995242	  13.92487	       -83	         109	            0	                 0	          0	
  9995292	  13.91945	       -83	         108	            0	                 0	          0	
  9995342	  13.73985	       -83	         106	            0	                 0	          0	
  9995392	  13.63319	       -82	         108	            0	                 0	          0	
  9995442	   13.4763	       -82	         104	            0	                 0	          0	
  9995492	  13.49519	       -83	         104	            0	                 0	          0	
  9995542	  13.88092	       -82	         108	            0	                 0	          0	
  9995592	  14.07035	       -81	         111	            0	                 0	          0	
  9995642	  13.98785	       -82	         110	            0	                 0	          0	
  9995692	  13.90119	       -82	         108	            0	                 0	          0	
  9995742	  13.81574	       -81	         109	            0	                 0	          0	
  9995792	  14.19613	       -81	         110	            0	                 0	          0	
  9995842	  14.28341	       -83	         109	            0	                 0	          0	
  9995892	  13.91126	       -83	         104	            0	                 0	          0	
  9995942	   14.1627	       -82	         107	            0	                 0	          0	
  9995992	  13.84592	       -81	         107	            0	                 0	          0	
  9996042	   13.5514	       -80	         102	            0	                 0	          0	
  9996092	  13.81303	       -80	         102	            0	                 0	          0	
  9996142	  13.93479	       -80	         103	            0	                 0	          0	
  9996192	  13.82644	       -80	         105	            0	                 0	          0	
  9996242	  14.12247	       -81	         110	            0	                 0	          0	
  9996292	   14.7365	       -82	         113	            0	                 0	          0	
  9996342	  14.58077	       -83	         110	            0	                 0	          0	
  9996392	  14.52069	       -82	         111	            0	                 0	          0	
  9996442	  14.31834	       -80	         112	            0	                 0	          0	
  9996492	  13.80763	       -80	         108	            0	                 0	          0	
  9996542	   13.8041	       -81	         108	            0	                 0	          0	
  9996592	  13.84708	       -82	         109	            0	                 0	          0	
  9996642	  13.83467	       -82	         107	            0	                 0	          0	
  9996692	  13.87168	       -82	         108	            0	                 0	          0	
  9996742	  13.97301	       -83	         109	            0	                 0	          0	
  9996792	  13.96199	       -84	         108	            0	                 0	          0	
  9996842	  13.98237	       -83	         111	            0	                 0	          0	
  9996892	  13.87724	       -82	         111	            0	                 0	          0	
  9996942	  13.63733	       -82	         107	            0	                 0	          0	
  9996992	  13.68738	       -82	         107	            0	                 0	          0	
  9997042	   13.7705	       -83	         107	            0	                 0	          0	
  9997092	   13.7815	       -83	         106	            0	                 0	          0	
  9997142	  13.80438	       -82	         106	            0	                 0	          0	
  9997192	  13.81501	       -81	         109	            0	                 0	          0	
  9997242	  13.72103	       -80	         109	            0	                 0	          0	
  9997292	  13.51497	       -81	         107	            0	                 0	          0	
  9997342	  13.62508	       -81	         105	            0	                 0	          0	
  9997392	  14.21632	       -81	         108	            0	                 0	          0	
  9997442	  14.26686	       -82	         107	            0	                 0	          0	
  9997492	   13.9953	       -82	         105	            0	                 0	          0	
  9997542	   13.9437	       -81	         107	            0	                 0	          0	
  9997592	  13.91293	       -81	         107	            0	                 0	          0	
  9997642	  13.67657	       -81	         105	            0	                 0	          0	
  9997692	  13.27804	       -81	         106	            0	                 0	          0	
  9997742	  13.66987	       -82	         109	            0	                 0	          0	
  9997792	  13.89617	       -81	         105	            0	                 0	          0	
  9997842	  13.92542	       -82	         103	            0	                 0	          0	
  9997892	  13.92695	       -82	         107	            0	                 0	          0	
  9997942	  13.86455	       -81	         108	            0	                 0	          0	
  9997992	  13.79243	       -81	         106	            0	                 0	          0	
  9998042	  13.90135	       -82	         108	            0	                 0	          0	
  9998092	  14.07544	       -80	         111	            0	                 0	          0	
  9998142	  13.98048	       -81	         110	            0	                 0	          0	
  9998192	  13.95997	       -82	         109	            0	                 0	          0	
  9998242	  14.00396	       -81	         110	            0	                 0	          0	
  9998292	  14.23989	       -81	         112	            0	                 0	          0	
  9998342	  14.15925	       -82	         109	            0	                 0	          0	
  9998392	  13.91181	       -83	         108	            0	                 0	          0	
  9998442	  13.84999	       -82	         107	            0	                 0	          0	
  9998492	  13.93896	       -83	         105	            0	                 0	          0	
  9998542	  13.87835	       -83	         106	            0	                 0	          0	
  9998592	  13.72414	       -82	         108	            0	                 0	          0	
  9998642	  13.69606	       -82	         108	            0	                 0	          0	
  9998692	  14.00849	       -82	         107	            0	                 0	          0	
  9998742	  14.14802	       -83	         110	            0	                 0	          0	
  9998792	  14.13279	       -83	         111	            0	                 0	          0	
  9998842	  14.02166	       -82	         108	            0	                 0	          0	
  9998892	  13.94814	       -81	         106	            0	                 0	          0	
  9998942	  14.01921	       -82	         109	            0	                 0	          0	
  9998992	  13.79403	       -84	         105	            0	                 0	          0	
  9999042	  13.87116	       -83	         105	            0	                 0	          0	
  9999092	  14.04742	       -82	         111	            0	                 0	          0	
  9999142	  14.06262	       -83	         109	            0	                 0	          0	
  9999192	  14.01971	       -83	         106	            0	                 0	          0	
  9999242	  13.76552	       -81	         107	            0	                 0	          0	
  9999292	  13.95199	       -81	         109	            0	                 0	          0	
  9999342	  13.94138	       -83	         109	            0	                 0	          0	
  9999392	  14.01637	       -83	         110	            0	                 0	          0	
  9999442	  14.39142	       -82	         112	            0	                 0	          0	
  9999492	  14.29796	       -82	         112	            0	                 0	          0	
  9999542	  14.06374	       -82	         111	            0	                 0	          0	
  9999592	  14.18392	       -81	         110	            0	                 0	          0	
  9999642	  14.21421	       -82	         107	            0	                 0	          0	
  9999692	  14.15417	       -82	         109	            0	                 0	          0	
  9999742	  14.14275	       -82	         112	            0	                 0	          0	
  9999792	  14.00743	       -82	         113	            0	                 0	          0	
  9999842	  13.95454	       -82	         113	            0	                 0	          0	
  9999892	   13.8245	       -82	         108	            0	                 0	          0	
  9999942	  13.83312	       -83	         107	            0	                 0	          0	
  9999992	  13.99928	       -83	         108	            0	                 0	          0	
 10000042	  13.92312	       -83	         107	            0	                 0	          0	
 10000092	  14.18911	       -83	         106	            0	                 0	          0	
 10000142	  14.24416	       -83	         107	            0	                 0	          0	
 10000192	  13.61476	       -82	         108	            0	                 0	          0	
 10000242	  13.73544	       -83	         109	            0	                 0	          0	
 10000292	  14.33891	       -84	         111	            0	                 0	          0	
 10000342	  14.10942	       -83	         108	            0	                 0	          0	
 10000392	  14.13434	       -82	         108	            0	                 0	          0	
 10000442	  14.06061	       -83	         110	            0	                 0	          0	
 10000492	  13.61131	       -82	         108	            0	                 0	          0	
 10000542	  13.36922	       -81	         105	            0	                 0	          0	
 10000592	  13.40925	       -82	         105	            0	                 0	          0	
 10000642	   13.4135	       -82	         106	            0	                 0	          0	
 10000692	  13.10086	       -81	         100	            0	                 0	          0	
 10000742	  13.33371	       -81	         101	            0	                 0	          0	
 10000792	  13.59855	       -81	         105	            0	                 0	          0	
 10000842	  13.52463	       -83	         104	            0	                 0	          0	
 10000892	  13.50356	       -83	         103	            0	                 0	          0	
 10000942	  13.42125	       -82	         107	            0	                 0	          0	
 10000992	  13.28979	       -80	         107	            0	                 0	          0	
 10001042	  13.21645	       -80	         106	            0	                 0	          0	
 10001092	  13.26424	       -81	         107	            0	                 0	          0	
 10001142	  13.01296	       -80	         106	            0	                 0	          0	
 10001192	  12.47812	       -79	         105	            0	                 0	          0	
 10001242	  12.40432	       -79	         102	            0	                 0	          0	
 10001292	  12.65852	       -80	         101	            0	                 0	          0	
 10001342	  12.79405	       -80	         101	            0	                 0	          0	
 10001392	  12.94312	       -80	         103	            0	                 0	          0	
 10001442	  13.02258	       -81	         106	            0	                 0	          0	
 10001492	  13.27438	       -80	         106	            0	                 0	          0	
 10001542	  13.36299	       -79	         103	            0	                 0	          0	
 10001592	  13.11768	       -79	         107	            0	                 0	          0	
 10001642	  13.24261	       -80	         107	            0	                 0	          0	
 10001692	  13.49699	       -80	         104	            0	                 0	          0	
 10001742	  13.58612	       -81	         107	            0	                 0	          0	
 10001792	  13.31765	       -81	         106	            0	                 0	          0	
 10001842	  13.22158	       -81	         105	            0	                 0	          0	
 10001892	  12.94221	       -81	         104	            0	                 0	          0	
 10001942	  12.94296	       -80	         101	            0	                 0	          0	
 10001992	  13.16486	       -79	         102	            0	                 0	          0	
 10002042	  12.92948	       -80	         101	            0	                 0	          0	
 10002092	  12.92153	       -79	         104	            0	                 0	          0	
 10002142	  12.89322	       -79	         105	            0	                 0	          0	
 10002192	  12.89845	       -80	         103	            0	                 0	          0	
 10002242	  13.06958	       -81	         105	            0	                 0	          0	
 10002292	  12.90071	       -80	         104	            0	                 0	          0	
 10002342	  13.05747	       -80	         107	            0	                 0	          0	
 10002392	  13.14724	       -81	         106	            0	                 0	          0	
