TimeStamp	ForceValue	AxialAngle	LateralAngle	MetalSeverity	InAccurateSeverity	NeedZeroing	
  9631442	  27.91393	       -57	          67	            0	                 0	          0	
  9631492	  27.72941	       -57	          68	            0	                 0	          0	
  9631542	  27.24013	       -57	          70	            0	                 0	          0	
  9631592	  27.57642	       -57	          69	            0	                 0	          0	
  9631642	  27.80908	       -56	          67	            0	                 0	          0	
  9631692	  27.64749	       -56	          68	            0	                 0	          0	
  9631742	  27.61191	       -58	          69	            0	                 0	          0	
  9631792	  27.02403	       -57	          70	            0	                 0	          0	
  9631842	  26.88118	       -57	          71	            0	                 0	          0	
  9631892	  26.89701	       -57	          72	            0	                 0	          0	
  9631942	  26.98436	       -57	          71	            0	                 0	          0	
  9631992	   27.0294	       -57	          71	            0	                 0	          0	
  9632042	  26.91404	       -57	          70	            0	                 0	          0	
  9632092	  26.67074	       -57	          72	            0	                 0	          0	
  9632142	  26.76989	       -57	          72	            0	                 0	          0	
  9632192	  27.13174	       -57	          71	            0	                 0	          0	
  9632242	  27.18503	       -57	          72	            0	                 0	          0	
  9632292	   26.7334	       -56	          73	            0	                 0	          0	
  9632342	  26.48853	       -57	          74	            0	                 0	          0	
  9632392	  26.95438	       -57	          73	            0	                 0	          0	
  9632442	  26.88593	       -56	          72	            0	                 0	          0	
  9632492	  26.77537	       -58	          71	            0	                 0	          0	
  9632542	  27.02966	       -58	          72	            0	                 0	          0	
  9632592	  27.13872	       -58	          72	            0	                 0	          0	
  9632642	  26.64004	       -58	          72	            0	                 0	          0	
  9632692	   26.3209	       -58	          73	            0	                 0	          0	
  9632742	  26.61146	       -57	          74	            0	                 0	          0	
  9632792	  26.60132	       -57	          73	            0	                 0	          0	
  9632842	  26.41044	       -58	          72	            0	                 0	          0	
  9632892	  26.29605	       -57	          73	            0	                 0	          0	
  9632942	  26.38762	       -56	          72	            0	                 0	          0	
  9632992	  26.51526	       -57	          73	            0	                 0	          0	
  9633042	  26.33656	       -57	          75	            0	                 0	          0	
  9633092	   26.5346	       -57	          73	            0	                 0	          0	
  9633142	  26.78465	       -58	          73	            0	                 0	          0	
  9633192	    26.161	       -57	          75	            0	                 0	          0	
  9633242	  25.83252	       -57	          75	            0	                 0	          0	
  9633292	  26.08233	       -57	          75	            0	                 0	          0	
  9633342	  26.29735	       -57	          74	            0	                 0	          0	
  9633392	  26.29209	       -57	          73	            0	                 0	          0	
  9633442	  26.20771	       -58	          73	            0	                 0	          0	
  9633492	  25.99453	       -58	          75	            0	                 0	          0	
  9633542	  25.65956	       -57	          75	            0	                 0	          0	
  9633592	  25.81871	       -57	          73	            0	                 0	          0	
  9633642	  26.23297	       -58	          72	            0	                 0	          0	
  9633692	  26.44434	       -58	          72	            0	                 0	          0	
  9633742	  26.20581	       -57	          74	            0	                 0	          0	
  9633792	  25.91021	       -57	          75	            0	                 0	          0	
  9633842	  25.98818	       -57	          75	            0	                 0	          0	
  9633892	  26.04597	       -57	          74	            0	                 0	          0	
  9633942	  25.73763	       -57	          75	            0	                 0	          0	
  9633992	   25.8159	       -57	          75	            0	                 0	          0	
  9634042	  26.02179	       -57	          74	            0	                 0	          0	
  9634092	  25.85044	       -58	          75	            0	                 0	          0	
  9634142	  25.84218	       -57	          76	            0	                 0	          0	
  9634192	   26.1672	       -57	          74	            0	                 0	          0	
  9634242	  26.44673	       -58	          73	            0	                 0	          0	
  9634292	  25.97755	       -57	          75	            0	                 0	          0	
  9634342	  25.69304	       -58	          76	            0	                 0	          0	
  9634392	  25.90015	       -58	          75	            0	                 0	          0	
  9634442	  26.02783	       -58	          76	            0	                 0	          0	
  9634492	  26.23003	       -57	          74	            0	                 0	          0	
  9634542	   26.0491	       -57	          75	            0	                 0	          0	
  9634592	  25.91194	       -58	          76	            0	                 0	          0	
  9634642	  26.09866	       -57	          76	            0	                 0	          0	
  9634692	  26.00143	       -57	          79	            0	                 0	          0	
  9634742	  25.69969	       -57	          78	            0	                 0	          0	
  9634792	  25.39721	       -57	          77	            0	                 0	          0	
  9634842	  25.63955	       -57	          76	            0	                 0	          0	
  9634892	  25.76816	       -58	          75	            0	                 0	          0	
  9634942	  25.57586	       -58	          76	            0	                 0	          0	
  9634992	   25.8676	       -58	          75	            0	                 0	          0	
  9635042	  25.46696	       -58	          75	            0	                 0	          0	
  9635092	  25.24068	       -57	          76	            0	                 0	          0	
  9635142	  25.58621	       -57	          77	            0	                 0	          0	
  9635192	  25.62878	       -58	          77	            0	                 0	          0	
  9635242	  25.72318	       -57	          76	            0	                 0	          0	
  9635292	  25.74623	       -57	          77	            0	                 0	          0	
  9635342	  25.91986	       -58	          77	            0	                 0	          0	
  9635392	  25.60478	       -58	          76	            0	                 0	          0	
  9635442	  25.27848	       -58	          78	            0	                 0	          0	
  9635492	  25.33259	       -58	          80	            0	                 0	          0	
  9635542	  25.08675	       -58	          79	            0	                 0	          0	
  9635592	   25.4659	       -58	          76	            0	                 0	          0	
  9635642	  25.95058	       -58	          75	            0	                 0	          0	
  9635692	  25.61091	       -58	          75	            0	                 0	          0	
  9635742	  25.52931	       -58	          76	            0	                 0	          0	
  9635792	    25.609	       -58	          78	            0	                 0	          0	
  9635842	  25.54101	       -59	          78	            0	                 0	          0	
  9635892	  25.43345	       -58	          77	            0	                 0	          0	
  9635942	  25.22353	       -57	          78	            0	                 0	          0	
  9635992	  25.55236	       -58	          77	            0	                 0	          0	
  9636042	  25.72406	       -58	          75	            0	                 0	          0	
  9636092	  25.59543	       -58	          77	            0	                 0	          0	
  9636142	   25.3101	       -58	          80	            0	                 0	          0	
  9636192	  24.67257	       -58	          82	            0	                 0	          0	
  9636242	  24.87347	       -58	          79	            0	                 0	          0	
  9636292	  25.24779	       -58	          77	            0	                 0	          0	
  9636342	   24.8967	       -58	          76	            0	                 0	          0	
  9636392	  24.84929	       -58	          78	            0	                 0	          0	
  9636442	  25.02182	       -58	          80	            0	                 0	          0	
  9636492	  24.94639	       -58	          79	            0	                 0	          0	
  9636542	  25.02746	       -58	          77	            0	                 0	          0	
  9636592	  24.92204	       -58	          78	            0	                 0	          0	
  9636642	  25.04024	       -58	          80	            0	                 0	          0	
  9636692	  25.32711	       -58	          79	            0	                 0	          0	
  9636742	  25.16227	       -58	          77	            0	                 0	          0	
  9636792	  25.15056	       -58	          77	            0	                 0	          0	
  9636842	  24.77867	       -58	          79	            0	                 0	          0	
  9636892	  24.91622	       -58	          79	            0	                 0	          0	
  9636942	  25.11349	       -59	          79	            0	                 0	          0	
  9636992	  25.07396	       -59	          78	            0	                 0	          0	
  9637042	  25.31109	       -58	          77	            0	                 0	          0	
  9637092	  25.00873	       -58	          79	            0	                 0	          0	
  9637142	  25.01986	       -59	          81	            0	                 0	          0	
  9637192	  25.07958	       -58	          81	            0	                 0	          0	
  9637242	  24.78207	       -58	          79	            0	                 0	          0	
  9637292	  24.94361	       -58	          78	            0	                 0	          0	
  9637342	   25.2843	       -58	          79	            0	                 0	          0	
  9637392	  24.69452	       -58	          82	            0	                 0	          0	
  9637442	  24.55381	       -58	          80	            0	                 0	          0	
  9637492	  25.16844	       -58	          77	            0	                 0	          0	
  9637542	   24.9316	       -58	          81	            0	                 0	          0	
  9637592	  24.56087	       -58	          81	            0	                 0	          0	
  9637642	  24.61765	       -59	          78	            0	                 0	          0	
  9637692	  24.98855	       -59	          79	            0	                 0	          0	
  9637742	  25.06943	       -59	          80	            0	                 0	          0	
  9637792	  24.88557	       -58	          80	            0	                 0	          0	
  9637842	  25.11349	       -58	          80	            0	                 0	          0	
  9637892	  25.00317	       -58	          80	            0	                 0	          0	
  9637942	  24.95963	       -58	          79	            0	                 0	          0	
  9637992	  25.32996	       -58	          78	            0	                 0	          0	
  9638042	  25.03834	       -58	          79	            0	                 0	          0	
  9638092	  24.77071	       -59	          78	            0	                 0	          0	
  9638142	  24.81689	       -59	          79	            0	                 0	          0	
  9638192	  24.80596	       -59	          81	            0	                 0	          0	
  9638242	  24.72284	       -59	          80	            0	                 0	          0	
  9638292	  24.67938	       -59	          80	            0	                 0	          0	
  9638342	  24.73676	       -59	          80	            0	                 0	          0	
  9638392	   24.6675	       -59	          83	            0	                 0	          0	
  9638442	   24.5557	       -59	          83	            0	                 0	          0	
  9638492	  24.67153	       -58	          81	            0	                 0	          0	
  9638542	  24.83994	       -59	          80	            0	                 0	          0	
  9638592	  24.73954	       -59	          79	            0	                 0	          0	
  9638642	  24.61798	       -58	          81	            0	                 0	          0	
  9638692	  24.71161	       -58	          81	            0	                 0	          0	
  9638742	  24.70018	       -59	          79	            0	                 0	          0	
  9638792	  24.47833	       -59	          80	            0	                 0	          0	
  9638842	  24.44686	       -60	          82	            0	                 0	          0	
  9638892	  24.56511	       -59	          81	            0	                 0	          0	
  9638942	  24.56157	       -59	          81	            0	                 0	          0	
  9638992	  24.52925	       -59	          82	            0	                 0	          0	
  9639042	  24.53694	       -60	          80	            0	                 0	          0	
  9639092	   24.7657	       -59	          79	            0	                 0	          0	
  9639142	  24.75491	       -58	          79	            0	                 0	          0	
  9639192	  24.66812	       -58	          80	            0	                 0	          0	
  9639242	  24.73986	       -59	          79	            0	                 0	          0	
  9639292	  24.78227	       -59	          78	            0	                 0	          0	
  9639342	  24.45467	       -59	          81	            0	                 0	          0	
  9639392	  24.07112	       -59	          81	            0	                 0	          0	
  9639442	  24.18545	       -58	          79	            0	                 0	          0	
  9639492	  24.44985	       -59	          80	            0	                 0	          0	
  9639542	  25.01645	       -59	          79	            0	                 0	          0	
  9639592	   24.8767	       -59	          79	            0	                 0	          0	
  9639642	  24.49283	       -59	          81	            0	                 0	          0	
  9639692	  24.73054	       -59	          81	            0	                 0	          0	
  9639742	  24.71725	       -59	          80	            0	                 0	          0	
  9639792	  24.53658	       -58	          80	            0	                 0	          0	
  9639842	  24.53866	       -59	          82	            0	                 0	          0	
  9639892	  24.79353	       -59	          81	            0	                 0	          0	
  9639942	  24.75607	       -59	          79	            0	                 0	          0	
  9639992	  24.71976	       -59	          79	            0	                 0	          0	
  9640042	  24.71914	       -59	          82	            0	                 0	          0	
  9640092	  24.66434	       -59	          83	            0	                 0	          0	
  9640142	  24.64509	       -59	          81	            0	                 0	          0	
  9640192	   24.1872	       -59	          81	            0	                 0	          0	
  9640242	  24.34431	       -59	          80	            0	                 0	          0	
  9640292	  24.58829	       -59	          81	            0	                 0	          0	
  9640342	  24.22441	       -59	          82	            0	                 0	          0	
  9640392	  24.35876	       -59	          82	            0	                 0	          0	
  9640442	  24.44388	       -59	          83	            0	                 0	          0	
  9640492	  24.08315	       -59	          82	            0	                 0	          0	
  9640542	  24.14258	       -59	          82	            0	                 0	          0	
  9640592	  24.40531	       -59	          80	            0	                 0	          0	
  9640642	  24.56923	       -59	          78	            0	                 0	          0	
  9640692	  24.16467	       -59	          81	            0	                 0	          0	
  9640742	  24.14058	       -59	          82	            0	                 0	          0	
  9640792	  24.26016	       -59	          80	            0	                 0	          0	
  9640842	  24.00653	       -59	          81	            0	                 0	          0	
  9640892	  24.38099	       -58	          83	            0	                 0	          0	
  9640942	  24.45028	       -59	          82	            0	                 0	          0	
  9640992	  24.46909	       -59	          81	            0	                 0	          0	
  9641042	  24.28534	       -59	          80	            0	                 0	          0	
  9641092	  23.90623	       -59	          83	            0	                 0	          0	
  9641142	  24.04331	       -59	          84	            0	                 0	          0	
  9641192	   24.0528	       -59	          84	            0	                 0	          0	
  9641242	  24.08504	       -59	          85	            0	                 0	          0	
  9641292	  23.89701	       -59	          85	            0	                 0	          0	
  9641342	  23.80541	       -59	          84	            0	                 0	          0	
  9641392	  24.30815	       -59	          83	            0	                 0	          0	
  9641442	  24.29864	       -59	          83	            0	                 0	          0	
  9641492	  23.95539	       -59	          84	            0	                 0	          0	
  9641542	  24.07826	       -60	          81	            0	                 0	          0	
  9641592	  24.03137	       -60	          81	            0	                 0	          0	
  9641642	  24.03251	       -59	          82	            0	                 0	          0	
  9641692	  24.03913	       -59	          83	            0	                 0	          0	
  9641742	  23.89513	       -59	          82	            0	                 0	          0	
  9641792	  23.86413	       -59	          81	            0	                 0	          0	
  9641842	  23.99028	       -59	          81	            0	                 0	          0	
  9641892	  24.30585	       -60	          81	            0	                 0	          0	
  9641942	  24.03835	       -60	          82	            0	                 0	          0	
  9641992	  23.84741	       -59	          82	            0	                 0	          0	
  9642042	   24.1848	       -59	          81	            0	                 0	          0	
  9642092	  24.18244	       -60	          81	            0	                 0	          0	
  9642142	  24.11135	       -59	          84	            0	                 0	          0	
  9642192	  24.02944	       -59	          85	            0	                 0	          0	
  9642242	   23.6716	       -59	          84	            0	                 0	          0	
  9642292	  23.70518	       -59	          83	            0	                 0	          0	
  9642342	  23.99314	       -59	          83	            0	                 0	          0	
  9642392	  23.80747	       -60	          85	            0	                 0	          0	
  9642442	  23.84188	       -60	          84	            0	                 0	          0	
  9642492	   23.9161	       -60	          82	            0	                 0	          0	
  9642542	  23.70888	       -60	          85	            0	                 0	          0	
  9642592	  23.89537	       -59	          85	            0	                 0	          0	
  9642642	  23.91195	       -59	          81	            0	                 0	          0	
  9642692	    23.835	       -59	          81	            0	                 0	          0	
  9642742	  24.09326	       -59	          82	            0	                 0	          0	
  9642792	  24.14114	       -60	          81	            0	                 0	          0	
  9642842	  24.06345	       -60	          80	            0	                 0	          0	
  9642892	  23.94838	       -59	          83	            0	                 0	          0	
  9642942	  23.88048	       -59	          86	            0	                 0	          0	
  9642992	  23.87203	       -59	          85	            0	                 0	          0	
  9643042	  23.81956	       -59	          84	            0	                 0	          0	
  9643092	  23.73763	       -60	          83	            0	                 0	          0	
  9643142	  23.99925	       -59	          80	            0	                 0	          0	
  9643192	   24.0921	       -60	          84	            0	                 0	          0	
  9643242	  24.06961	       -61	          86	            0	                 0	          0	
  9643292	  23.89414	       -60	          83	            0	                 0	          0	
  9643342	  23.58253	       -60	          83	            0	                 0	          0	
  9643392	  23.77714	       -60	          84	            0	                 0	          0	
  9643442	  23.82611	       -60	          83	            0	                 0	          0	
  9643492	  23.51896	       -60	          82	            0	                 0	          0	
  9643542	  23.36589	       -60	          82	            0	                 0	          0	
  9643592	  23.77429	       -60	          83	            0	                 0	          0	
  9643642	  23.84909	       -60	          85	            0	                 0	          0	
  9643692	  23.73062	       -60	          82	            0	                 0	          0	
  9643742	  23.75196	       -59	          81	            0	                 0	          0	
  9643792	  23.36442	       -60	          84	            0	                 0	          0	
  9643842	  23.38613	       -60	          84	            0	                 0	          0	
  9643892	   23.7527	       -60	          82	            0	                 0	          0	
  9643942	  23.88836	       -60	          83	            0	                 0	          0	
  9643992	  23.86291	       -59	          82	            0	                 0	          0	
  9644042	  23.82043	       -59	          82	            0	                 0	          0	
  9644092	  23.76752	       -60	          84	            0	                 0	          0	
  9644142	  23.75646	       -60	          83	            0	                 0	          0	
  9644192	  23.76719	       -60	          81	            0	                 0	          0	
  9644242	  23.76427	       -60	          81	            0	                 0	          0	
  9644292	  23.71698	       -60	          82	            0	                 0	          0	
  9644342	  23.62203	       -60	          82	            0	                 0	          0	
  9644392	  23.41106	       -60	          85	            0	                 0	          0	
  9644442	  23.38137	       -60	          85	            0	                 0	          0	
  9644492	  23.71482	       -60	          84	            0	                 0	          0	
  9644542	  23.76331	       -61	          86	            0	                 0	          0	
  9644592	  23.43731	       -61	          85	            0	                 0	          0	
  9644642	  23.20594	       -60	          85	            0	                 0	          0	
  9644692	  23.30231	       -59	          84	            0	                 0	          0	
  9644742	  23.64969	       -59	          84	            0	                 0	          0	
  9644792	  23.90274	       -59	          83	            0	                 0	          0	
  9644842	   23.8054	       -60	          83	            0	                 0	          0	
  9644892	  23.46486	       -59	          83	            0	                 0	          0	
  9644942	  23.48855	       -60	          82	            0	                 0	          0	
  9644992	  23.70118	       -60	          81	            0	                 0	          0	
  9645042	   23.5969	       -60	          83	            0	                 0	          0	
  9645092	  23.23522	       -59	          85	            0	                 0	          0	
  9645142	  23.30846	       -59	          84	            0	                 0	          0	
  9645192	  23.49371	       -59	          84	            0	                 0	          0	
  9645242	  23.54085	       -60	          85	            0	                 0	          0	
  9645292	  23.69337	       -60	          82	            0	                 0	          0	
  9645342	  23.57322	       -59	          82	            0	                 0	          0	
  9645392	  23.48167	       -60	          83	            0	                 0	          0	
  9645442	  23.71752	       -60	          83	            0	                 0	          0	
  9645492	  23.78322	       -60	          83	            0	                 0	          0	
  9645542	  23.44779	       -60	          84	            0	                 0	          0	
  9645592	  23.45434	       -60	          84	            0	                 0	          0	
  9645642	  23.67727	       -60	          82	            0	                 0	          0	
  9645692	  23.57582	       -59	          81	            0	                 0	          0	
  9645742	  23.58785	       -60	          81	            0	                 0	          0	
  9645792	  23.74622	       -60	          82	            0	                 0	          0	
  9645842	  23.85823	       -60	          83	            0	                 0	          0	
  9645892	  23.70494	       -60	          83	            0	                 0	          0	
  9645942	  23.29517	       -61	          84	            0	                 0	          0	
  9645992	  23.32079	       -60	          85	            0	                 0	          0	
  9646042	  23.53942	       -59	          85	            0	                 0	          0	
  9646092	  23.53538	       -60	          85	            0	                 0	          0	
  9646142	  23.70019	       -61	          85	            0	                 0	          0	
  9646192	  23.63496	       -60	          84	            0	                 0	          0	
  9646242	  23.47777	       -60	          84	            0	                 0	          0	
  9646292	  23.36803	       -60	          84	            0	                 0	          0	
  9646342	  23.32692	       -60	          84	            0	                 0	          0	
  9646392	  23.37347	       -60	          82	            0	                 0	          0	
  9646442	  23.01905	       -59	          84	            0	                 0	          0	
  9646492	  23.00598	       -59	          86	            0	                 0	          0	
  9646542	  23.33022	       -60	          85	            0	                 0	          0	
  9646592	  23.18862	       -60	          83	            0	                 0	          0	
  9646642	  23.10915	       -60	          83	            0	                 0	          0	
  9646692	  23.38284	       -60	          84	            0	                 0	          0	
  9646742	  23.34084	       -60	          84	            0	                 0	          0	
  9646792	   23.2481	       -60	          83	            0	                 0	          0	
  9646842	  23.19712	       -60	          81	            0	                 0	          0	
  9646892	  23.01681	       -61	          83	            0	                 0	          0	
  9646942	  23.40882	       -60	          84	            0	                 0	          0	
  9646992	  23.65487	       -60	          83	            0	                 0	          0	
  9647042	  23.47202	       -60	          83	            0	                 0	          0	
  9647092	  23.49962	       -61	          83	            0	                 0	          0	
  9647142	  23.67853	       -60	          84	            0	                 0	          0	
  9647192	  23.52959	       -60	          86	            0	                 0	          0	
  9647242	   23.4694	       -61	          85	            0	                 0	          0	
  9647292	  23.56788	       -60	          83	            0	                 0	          0	
  9647342	   23.0413	       -60	          83	            0	                 0	          0	
  9647392	  22.83945	       -60	          86	            0	                 0	          0	
  9647442	  22.90467	       -60	          88	            0	                 0	          0	
  9647492	   22.9579	       -60	          85	            0	                 0	          0	
  9647542	   23.2591	       -61	          82	            0	                 0	          0	
  9647592	  23.39585	       -60	          81	            0	                 0	          0	
  9647642	  23.12433	       -60	          82	            0	                 0	          0	
  9647692	  22.88688	       -60	          85	            0	                 0	          0	
  9647742	  22.73556	       -60	          87	            0	                 0	          0	
  9647792	  22.86555	       -60	          86	            0	                 0	          0	
  9647842	  23.14847	       -60	          83	            0	                 0	          0	
  9647892	  23.03859	       -59	          83	            0	                 0	          0	
  9647942	  23.01758	       -60	          83	            0	                 0	          0	
  9647992	  23.02771	       -60	          84	            0	                 0	          0	
  9648042	  23.04349	       -60	          85	            0	                 0	          0	
  9648092	  23.08356	       -60	          85	            0	                 0	          0	
  9648142	  23.13324	       -61	          84	            0	                 0	          0	
  9648192	  23.03828	       -61	          83	            0	                 0	          0	
  9648242	  22.99178	       -60	          84	            0	                 0	          0	
  9648292	  23.40734	       -60	          81	            0	                 0	          0	
  9648342	  23.57198	       -61	          82	            0	                 0	          0	
  9648392	  23.24275	       -61	          85	            0	                 0	          0	
  9648442	  23.23561	       -61	          85	            0	                 0	          0	
  9648492	  23.08483	       -61	          88	            0	                 0	          0	
  9648542	  23.13693	       -60	          85	            0	                 0	          0	
  9648592	  23.25657	       -61	          81	            0	                 0	          0	
  9648642	  23.01578	       -61	          82	            0	                 0	          0	
  9648692	  23.19705	       -60	          83	            0	                 0	          0	
  9648742	  23.18389	       -61	          85	            0	                 0	          0	
  9648792	  23.21161	       -61	          84	            0	                 0	          0	
  9648842	   23.2058	       -61	          82	            0	                 0	          0	
  9648892	  23.19785	       -60	          83	            0	                 0	          0	
  9648942	  23.04377	       -60	          85	            0	                 0	          0	
  9648992	   22.8814	       -61	          84	            0	                 0	          0	
  9649042	  23.02612	       -60	          82	            0	                 0	          0	
  9649092	  22.98992	       -60	          83	            0	                 0	          0	
  9649142	  23.08129	       -60	          84	            0	                 0	          0	
  9649192	  23.16185	       -60	          84	            0	                 0	          0	
  9649242	  23.13332	       -60	          84	            0	                 0	          0	
  9649292	  23.17597	       -60	          84	            0	                 0	          0	
  9649342	   23.2194	       -61	          82	            0	                 0	          0	
  9649392	  23.11902	       -61	          83	            0	                 0	          0	
  9649442	  22.84148	       -60	          85	            0	                 0	          0	
  9649492	  22.84547	       -60	          84	            0	                 0	          0	
  9649542	  22.95179	       -60	          80	            0	                 0	          0	
  9649592	  22.75688	       -60	          82	            0	                 0	          0	
  9649642	  22.93032	       -60	          84	            0	                 0	          0	
  9649692	  22.94456	       -60	          84	            0	                 0	          0	
  9649742	  22.73861	       -61	          85	            0	                 0	          0	
  9649792	  22.53696	       -61	          86	            0	                 0	          0	
  9649842	  22.70828	       -61	          83	            0	                 0	          0	
  9649892	  23.01381	       -61	          81	            0	                 0	          0	
  9649942	  22.95596	       -61	          82	            0	                 0	          0	
  9649992	  22.91648	       -61	          84	            0	                 0	          0	
  9650042	  22.50804	       -60	          84	            0	                 0	          0	
  9650092	  22.37347	       -60	          84	            0	                 0	          0	
  9650142	    22.593	       -60	          86	            0	                 0	          0	
  9650192	  22.65398	       -60	          85	            0	                 0	          0	
  9650242	  22.82629	       -61	          83	            0	                 0	          0	
  9650292	     22.98	       -61	          84	            0	                 0	          0	
  9650342	  22.86192	       -60	          84	            0	                 0	          0	
  9650392	  22.85753	       -61	          81	            0	                 0	          0	
  9650442	  22.75337	       -61	          82	            0	                 0	          0	
  9650492	  22.61391	       -60	          83	            0	                 0	          0	
  9650542	  22.86077	       -60	          83	            0	                 0	          0	
  9650592	  22.74623	       -60	          83	            0	                 0	          0	
  9650642	  22.49264	       -61	          83	            0	                 0	          0	
  9650692	  22.71029	       -61	          85	            0	                 0	          0	
  9650742	  22.89014	       -60	          86	            0	                 0	          0	
  9650792	  22.97641	       -60	          86	            0	                 0	          0	
  9650842	  22.85032	       -61	          86	            0	                 0	          0	
  9650892	  22.65316	       -60	          86	            0	                 0	          0	
  9650942	  22.51983	       -61	          83	            0	                 0	          0	
  9650992	  22.50194	       -61	          84	            0	                 0	          0	
  9651042	  22.77225	       -60	          86	            0	                 0	          0	
  9651092	  22.65808	       -60	          85	            0	                 0	          0	
  9651142	  22.51294	       -61	          84	            0	                 0	          0	
  9651192	  22.72424	       -61	          83	            0	                 0	          0	
  9651242	    22.769	       -61	          84	            0	                 0	          0	
  9651292	  22.53043	       -61	          85	            0	                 0	          0	
  9651342	  22.76228	       -62	          83	            0	                 0	          0	
  9651392	  22.86633	       -61	          83	            0	                 0	          0	
  9651442	  22.62281	       -60	          84	            0	                 0	          0	
  9651492	  22.83586	       -61	          83	            0	                 0	          0	
  9651542	  22.96034	       -61	          82	            0	                 0	          0	
  9651592	  22.75962	       -61	          83	            0	                 0	          0	
  9651642	  22.36732	       -61	          85	            0	                 0	          0	
  9651692	   22.3911	       -61	          85	            0	                 0	          0	
  9651742	  22.59904	       -60	          85	            0	                 0	          0	
  9651792	  22.48523	       -60	          84	            0	                 0	          0	
  9651842	  22.29123	       -60	          83	            0	                 0	          0	
  9651892	  22.46331	       -60	          85	            0	                 0	          0	
  9651942	  22.77915	       -61	          86	            0	                 0	          0	
  9651992	  22.68087	       -61	          84	            0	                 0	          0	
  9652042	  22.72564	       -61	          81	            0	                 0	          0	
  9652092	  22.73699	       -61	          82	            0	                 0	          0	
  9652142	  22.46928	       -62	          83	            0	                 0	          0	
  9652192	  22.33069	       -62	          83	            0	                 0	          0	
  9652242	  22.24965	       -61	          84	            0	                 0	          0	
  9652292	  21.96028	       -61	          85	            0	                 0	          0	
  9652342	  22.24751	       -61	          85	            0	                 0	          0	
  9652392	  22.57814	       -61	          84	            0	                 0	          0	
  9652442	  22.38408	       -61	          84	            0	                 0	          0	
  9652492	  22.45646	       -61	          85	            0	                 0	          0	
  9652542	  22.62225	       -60	          84	            0	                 0	          0	
  9652592	  22.50711	       -60	          83	            0	                 0	          0	
  9652642	  22.47574	       -60	          85	            0	                 0	          0	
  9652692	  22.56141	       -60	          84	            0	                 0	          0	
  9652742	  22.56484	       -61	          83	            0	                 0	          0	
  9652792	  22.42302	       -62	          84	            0	                 0	          0	
  9652842	    22.513	       -61	          84	            0	                 0	          0	
  9652892	  22.74957	       -61	          85	            0	                 0	          0	
  9652942	  22.64333	       -61	          87	            0	                 0	          0	
  9652992	   22.6064	       -61	          86	            0	                 0	          0	
  9653042	  22.81241	       -60	          84	            0	                 0	          0	
  9653092	  22.85058	       -61	          82	            0	                 0	          0	
  9653142	  22.70791	       -61	          83	            0	                 0	          0	
  9653192	  22.67807	       -60	          82	            0	                 0	          0	
  9653242	   22.4785	       -61	          83	            0	                 0	          0	
  9653292	   22.2669	       -61	          86	            0	                 0	          0	
  9653342	   22.3268	       -62	          84	            0	                 0	          0	
  9653392	  22.72523	       -61	          83	            0	                 0	          0	
  9653442	  22.70613	       -61	          85	            0	                 0	          0	
  9653492	  22.40358	       -60	          85	            0	                 0	          0	
  9653542	  22.52291	       -61	          82	            0	                 0	          0	
  9653592	   22.7873	       -62	          82	            0	                 0	          0	
  9653642	  22.92755	       -61	          84	            0	                 0	          0	
  9653692	   22.8471	       -61	          84	            0	                 0	          0	
  9653742	  22.85077	       -61	          82	            0	                 0	          0	
  9653792	  22.83124	       -62	          81	            0	                 0	          0	
  9653842	  22.50183	       -61	          82	            0	                 0	          0	
  9653892	  22.46022	       -61	          84	            0	                 0	          0	
  9653942	    22.856	       -62	          85	            0	                 0	          0	
  9653992	  22.97366	       -61	          84	            0	                 0	          0	
  9654042	  22.73189	       -61	          83	            0	                 0	          0	
  9654092	  22.68232	       -61	          85	            0	                 0	          0	
  9654142	  22.80729	       -61	          83	            0	                 0	          0	
  9654192	  22.68387	       -61	          82	            0	                 0	          0	
  9654242	  22.47329	       -61	          86	            0	                 0	          0	
  9654292	    22.475	       -61	          89	            0	                 0	          0	
  9654342	  22.30887	       -61	          87	            0	                 0	          0	
  9654392	  22.42016	       -61	          84	            0	                 0	          0	
  9654442	  22.57508	       -61	          83	            0	                 0	          0	
  9654492	  22.38094	       -61	          83	            0	                 0	          0	
  9654542	  22.54758	       -61	          81	            0	                 0	          0	
  9654592	  22.55759	       -61	          82	            0	                 0	          0	
  9654642	  22.18664	       -61	          83	            0	                 0	          0	
  9654692	   22.3048	       -61	          83	            0	                 0	          0	
  9654742	  22.64748	       -62	          83	            0	                 0	          0	
  9654792	   22.6856	       -61	          83	            0	                 0	          0	
  9654842	  22.59756	       -61	          83	            0	                 0	          0	
  9654892	   22.4743	       -61	          84	            0	                 0	          0	
  9654942	  22.49823	       -60	          84	            0	                 0	          0	
  9654992	  22.66901	       -61	          83	            0	                 0	          0	
  9655042	  22.47687	       -60	          82	            0	                 0	          0	
  9655092	  22.20443	       -60	          81	            0	                 0	          0	
  9655142	  22.35965	       -60	          81	            0	                 0	          0	
  9655192	  22.54679	       -61	          82	            0	                 0	          0	
  9655242	  22.47682	       -62	          83	            0	                 0	          0	
  9655292	  22.28295	       -62	          85	            0	                 0	          0	
  9655342	  22.08086	       -61	          84	            0	                 0	          0	
  9655392	  22.08119	       -61	          85	            0	                 0	          0	
  9655442	  22.42955	       -61	          83	            0	                 0	          0	
  9655492	  22.52023	       -61	          81	            0	                 0	          0	
  9655542	  22.16991	       -62	          85	            0	                 0	          0	
  9655592	  22.25698	       -61	          84	            0	                 0	          0	
  9655642	  22.48347	       -61	          84	            0	                 0	          0	
  9655692	  22.61433	       -61	          85	            0	                 0	          0	
  9655742	  22.84972	       -61	          83	            0	                 0	          0	
  9655792	   22.6139	       -61	          85	            0	                 0	          0	
  9655842	  22.30566	       -62	          87	            0	                 0	          0	
  9655892	  22.36827	       -61	          84	            0	                 0	          0	
  9655942	  22.52204	       -61	          82	            0	                 0	          0	
  9655992	  22.32023	       -61	          83	            0	                 0	          0	
  9656042	  22.33359	       -61	          82	            0	                 0	          0	
  9656092	  22.51423	       -60	          83	            0	                 0	          0	
  9656142	  22.41087	       -61	          83	            0	                 0	          0	
  9656192	  22.43929	       -61	          81	            0	                 0	          0	
  9656242	  22.35828	       -61	          80	            0	                 0	          0	
  9656292	  22.07967	       -61	          83	            0	                 0	          0	
  9656342	  22.10784	       -61	          84	            0	                 0	          0	
  9656392	  21.95065	       -61	          86	            0	                 0	          0	
  9656442	  21.98841	       -61	          87	            0	                 0	          0	
  9656492	  22.52765	       -61	          85	            0	                 0	          0	
  9656542	  22.49568	       -60	          85	            0	                 0	          0	
  9656592	  22.20766	       -61	          85	            0	                 0	          0	
  9656642	  22.42845	       -62	          84	            0	                 0	          0	
  9656692	  22.50748	       -61	          82	            0	                 0	          0	
  9656742	  22.36841	       -61	          83	            0	                 0	          0	
  9656792	  22.31865	       -62	          87	            0	                 0	          0	
  9656842	  22.38399	       -62	          86	            0	                 0	          0	
  9656892	  22.17261	       -62	          84	            0	                 0	          0	
  9656942	  22.20704	       -62	          84	            0	                 0	          0	
  9656992	  22.48855	       -61	          84	            0	                 0	          0	
  9657042	  22.18288	       -62	          84	            0	                 0	          0	
  9657092	  22.10354	       -62	          85	            0	                 0	          0	
  9657142	    21.937	       -62	          87	            0	                 0	          0	
  9657192	   21.8844	       -62	          87	            0	                 0	          0	
  9657242	  22.15468	       -61	          83	            0	                 0	          0	
  9657292	  22.31037	       -61	          82	            0	                 0	          0	
  9657342	  22.24166	       -60	          83	            0	                 0	          0	
  9657392	  22.33284	       -61	          84	            0	                 0	          0	
  9657442	   22.2854	       -62	          87	            0	                 0	          0	
  9657492	  22.19954	       -62	          87	            0	                 0	          0	
  9657542	  22.25508	       -61	          84	            0	                 0	          0	
  9657592	  22.46812	       -60	          87	            0	                 0	          0	
  9657642	   22.5201	       -61	          86	            0	                 0	          0	
  9657692	  22.24879	       -62	          84	            0	                 0	          0	
  9657742	  22.20206	       -62	          85	            0	                 0	          0	
  9657792	  22.26022	       -62	          84	            0	                 0	          0	
  9657842	   22.4401	       -62	          84	            0	                 0	          0	
  9657892	  22.40002	       -62	          84	            0	                 0	          0	
  9657942	  22.21193	       -62	          85	            0	                 0	          0	
  9657992	  22.35811	       -62	          83	            0	                 0	          0	
  9658042	  22.55346	       -61	          82	            0	                 0	          0	
  9658092	  22.45324	       -62	          85	            0	                 0	          0	
  9658142	  22.50187	       -62	          83	            0	                 0	          0	
  9658192	  22.41851	       -62	          84	            0	                 0	          0	
  9658242	  22.33479	       -62	          85	            0	                 0	          0	
  9658292	  22.28487	       -62	          84	            0	                 0	          0	
  9658342	  21.87706	       -62	          85	            0	                 0	          0	
  9658392	  21.89841	       -62	          86	            0	                 0	          0	
  9658442	   22.1947	       -63	          86	            0	                 0	          0	
  9658492	  22.33243	       -62	          85	            0	                 0	          0	
  9658542	  22.22818	       -62	          86	            0	                 0	          0	
  9658592	   22.1868	       -62	          87	            0	                 0	          0	
  9658642	  22.22466	       -61	          87	            0	                 0	          0	
  9658692	  22.19242	       -61	          86	            0	                 0	          0	
  9658742	  22.24418	       -61	          83	            0	                 0	          0	
  9658792	  22.23937	       -62	          83	            0	                 0	          0	
  9658842	  22.25916	       -62	          85	            0	                 0	          0	
  9658892	  22.46331	       -62	          84	            0	                 0	          0	
  9658942	  22.56721	       -62	          83	            0	                 0	          0	
  9658992	  22.49298	       -62	          82	            0	                 0	          0	
  9659042	  22.41389	       -61	          82	            0	                 0	          0	
  9659092	  22.34789	       -61	          84	            0	                 0	          0	
  9659142	  22.44119	       -61	          84	            0	                 0	          0	
  9659192	  22.28968	       -61	          85	            0	                 0	          0	
  9659242	  22.01263	       -62	          85	            0	                 0	          0	
  9659292	  22.34797	       -62	          84	            0	                 0	          0	
  9659342	  22.34703	       -61	          84	            0	                 0	          0	
  9659392	  22.07102	       -62	          83	            0	                 0	          0	
  9659442	  22.49506	       -62	          81	            0	                 0	          0	
  9659492	  22.61642	       -61	          83	            0	                 0	          0	
  9659542	  22.58015	       -61	          83	            0	                 0	          0	
  9659592	  22.53402	       -62	          83	            0	                 0	          0	
  9659642	  22.32898	       -62	          84	            0	                 0	          0	
  9659692	  22.20777	       -61	          85	            0	                 0	          0	
  9659742	  22.24062	       -62	          84	            0	                 0	          0	
  9659792	  22.23534	       -62	          85	            0	                 0	          0	
  9659842	  22.39801	       -62	          83	            0	                 0	          0	
  9659892	  22.09521	       -62	          84	            0	                 0	          0	
  9659942	  22.11619	       -62	          87	            0	                 0	          0	
  9659992	  22.50166	       -62	          87	            0	                 0	          0	
  9660042	  22.34536	       -61	          85	            0	                 0	          0	
  9660092	  22.09665	       -61	          83	            0	                 0	          0	
  9660142	  22.16506	       -62	          84	            0	                 0	          0	
  9660192	  22.28291	       -62	          84	            0	                 0	          0	
  9660242	  22.12752	       -62	          83	            0	                 0	          0	
  9660292	   22.2078	       -62	          83	            0	                 0	          0	
  9660342	  22.05904	       -63	          84	            0	                 0	          0	
  9660392	  21.99041	       -62	          83	            0	                 0	          0	
  9660442	  21.96198	       -62	          83	            0	                 0	          0	
  9660492	  21.91712	       -62	          84	            0	                 0	          0	
  9660542	  22.18263	       -61	          84	            0	                 0	          0	
  9660592	   22.1934	       -62	          85	            0	                 0	          0	
  9660642	  21.90795	       -63	          86	            0	                 0	          0	
  9660692	  21.90602	       -62	          85	            0	                 0	          0	
  9660742	  22.10802	       -62	          86	            0	                 0	          0	
  9660792	  22.09982	       -62	          84	            0	                 0	          0	
  9660842	  22.04021	       -61	          85	            0	                 0	          0	
  9660892	  22.21937	       -61	          85	            0	                 0	          0	
  9660942	  22.38266	       -61	          81	            0	                 0	          0	
  9660992	  22.39538	       -62	          82	            0	                 0	          0	
  9661042	  22.11187	       -61	          83	            0	                 0	          0	
  9661092	   22.0729	       -61	          85	            0	                 0	          0	
  9661142	  22.33382	       -61	          87	            0	                 0	          0	
  9661192	  22.25219	       -61	          85	            0	                 0	          0	
  9661242	  22.16287	       -62	          85	            0	                 0	          0	
  9661292	  22.12384	       -62	          85	            0	                 0	          0	
  9661342	  22.23211	       -63	          83	            0	                 0	          0	
  9661392	  22.36381	       -63	          84	            0	                 0	          0	
  9661442	  22.47796	       -62	          84	            0	                 0	          0	
  9661492	  22.54927	       -62	          83	            0	                 0	          0	
  9661542	  22.23017	       -62	          84	            0	                 0	          0	
  9661592	  22.04439	       -62	          85	            0	                 0	          0	
  9661642	  22.06968	       -62	          84	            0	                 0	          0	
  9661692	  21.92412	       -62	          83	            0	                 0	          0	
  9661742	  22.09527	       -61	          85	            0	                 0	          0	
  9661792	  22.12468	       -62	          86	            0	                 0	          0	
  9661842	  21.83406	       -62	          83	            0	                 0	          0	
  9661892	  21.96788	       -62	          83	            0	                 0	          0	
  9661942	  22.11651	       -63	          83	            0	                 0	          0	
  9661992	  22.20345	       -63	          84	            0	                 0	          0	
  9662042	   22.3672	       -63	          84	            0	                 0	          0	
  9662092	  22.34647	       -63	          82	            0	                 0	          0	
  9662142	   22.5285	       -62	          80	            0	                 0	          0	
  9662192	  22.44845	       -62	          83	            0	                 0	          0	
  9662242	  22.36515	       -62	          84	            0	                 0	          0	
  9662292	  22.23001	       -62	          83	            0	                 0	          0	
  9662342	  21.73018	       -63	          85	            0	                 0	          0	
  9662392	   22.0401	       -63	          86	            0	                 0	          0	
  9662442	  22.56319	       -62	          84	            0	                 0	          0	
  9662492	  22.52726	       -62	          81	            0	                 0	          0	
  9662542	  22.11145	       -62	          84	            0	                 0	          0	
  9662592	  22.00938	       -62	          86	            0	                 0	          0	
  9662642	  22.32268	       -62	          83	            0	                 0	          0	
  9662692	  22.24189	       -63	          84	            0	                 0	          0	
  9662742	  22.19763	       -63	          85	            0	                 0	          0	
  9662792	  22.18203	       -63	          84	            0	                 0	          0	
  9662842	  22.01094	       -63	          83	            0	                 0	          0	
  9662892	  21.91605	       -63	          84	            0	                 0	          0	
  9662942	   22.0739	       -63	          84	            0	                 0	          0	
  9662992	  22.16027	       -63	          84	            0	                 0	          0	
  9663042	  21.93921	       -63	          86	            0	                 0	          0	
  9663092	  21.93293	       -62	          85	            0	                 0	          0	
  9663142	  22.14498	       -61	          83	            0	                 0	          0	
  9663192	  22.23528	       -62	          83	            0	                 0	          0	
  9663242	  22.17267	       -62	          84	            0	                 0	          0	
  9663292	  22.22857	       -62	          85	            0	                 0	          0	
  9663342	  22.35521	       -62	          81	            0	                 0	          0	
  9663392	  22.38854	       -62	          79	            0	                 0	          0	
  9663442	  22.12869	       -62	          82	            0	                 0	          0	
  9663492	  22.24834	       -63	          82	            0	                 0	          0	
  9663542	  22.39036	       -63	          80	            0	                 0	          0	
  9663592	  21.99847	       -61	          82	            0	                 0	          0	
  9663642	  21.91986	       -62	          84	            0	                 0	          0	
  9663692	  22.14473	       -63	          82	            0	                 0	          0	
  9663742	  22.31504	       -62	          80	            0	                 0	          0	
  9663792	  22.21454	       -62	          82	            0	                 0	          0	
  9663842	  22.16315	       -62	          84	            0	                 0	          0	
  9663892	  22.31664	       -61	          84	            0	                 0	          0	
  9663942	  21.98589	       -63	          86	            0	                 0	          0	
  9663992	  21.94131	       -63	          85	            0	                 0	          0	
  9664042	   22.3374	       -63	          82	            0	                 0	          0	
  9664092	  22.30709	       -62	          82	            0	                 0	          0	
  9664142	  22.21032	       -62	          82	            0	                 0	          0	
  9664192	  22.26251	       -62	          82	            0	                 0	          0	
  9664242	  22.44813	       -62	          82	            0	                 0	          0	
  9664292	  22.43868	       -63	          83	            0	                 0	          0	
  9664342	  21.95555	       -63	          84	            0	                 0	          0	
  9664392	  22.03749	       -62	          85	            0	                 0	          0	
  9664442	  22.33754	       -62	          84	            0	                 0	          0	
  9664492	  22.02769	       -62	          84	            0	                 0	          0	
  9664542	  22.05268	       -62	          84	            0	                 0	          0	
  9664592	  22.02905	       -62	          83	            0	                 0	          0	
  9664642	  21.88256	       -62	          85	            0	                 0	          0	
  9664692	   22.1618	       -62	          86	            0	                 0	          0	
  9664742	  22.35183	       -63	          82	            0	                 0	          0	
  9664792	  22.22187	       -62	          82	            0	                 0	          0	
  9664842	  22.45916	       -62	          83	            0	                 0	          0	
  9664892	  22.57483	       -63	          82	            0	                 0	          0	
  9664942	  22.15304	       -63	          84	            0	                 0	          0	
  9664992	  21.95532	       -62	          86	            0	                 0	          0	
  9665042	   21.7055	       -62	          86	            0	                 0	          0	
  9665092	   21.6453	       -62	          85	            0	                 0	          0	
  9665142	  21.86338	       -62	          84	            0	                 0	          0	
  9665192	   22.0545	       -63	          84	            0	                 0	          0	
  9665242	  22.21817	       -63	          83	            0	                 0	          0	
  9665292	   22.3121	       -62	          84	            0	                 0	          0	
  9665342	  22.19779	       -62	          82	            0	                 0	          0	
  9665392	  22.06716	       -62	          81	            0	                 0	          0	
  9665442	  21.86907	       -62	          83	            0	                 0	          0	
  9665492	   21.7433	       -63	          83	            0	                 0	          0	
  9665542	  21.83873	       -63	          84	            0	                 0	          0	
  9665592	   21.9547	       -62	          83	            0	                 0	          0	
  9665642	  22.12724	       -63	          81	            0	                 0	          0	
  9665692	  22.01762	       -63	          81	            0	                 0	          0	
  9665742	  22.15725	       -61	          83	            0	                 0	          0	
  9665792	  22.48167	       -62	          83	            0	                 0	          0	
  9665842	   22.4367	       -63	          83	            0	                 0	          0	
  9665892	  22.35836	       -62	          83	            0	                 0	          0	
  9665942	   22.5135	       -62	          80	            0	                 0	          0	
  9665992	  22.40935	       -62	          80	            0	                 0	          0	
  9666042	  22.26129	       -62	          82	            0	                 0	          0	
  9666092	  22.13534	       -62	          83	            0	                 0	          0	
  9666142	   21.7004	       -62	          84	            0	                 0	          0	
  9666192	  22.11291	       -62	          82	            0	                 0	          0	
  9666242	  22.16356	       -62	          83	            0	                 0	          0	
  9666292	  21.72716	       -62	          85	            0	                 0	          0	
  9666342	  22.18684	       -63	          85	            0	                 0	          0	
  9666392	  22.20397	       -62	          83	            0	                 0	          0	
  9666442	  21.85296	       -62	          83	            0	                 0	          0	
  9666492	  21.99292	       -62	          84	            0	                 0	          0	
  9666542	   22.1054	       -62	          83	            0	                 0	          0	
  9666592	  22.04363	       -62	          83	            0	                 0	          0	
  9666642	  21.66258	       -63	          85	            0	                 0	          0	
  9666692	  21.72943	       -63	          86	            0	                 0	          0	
  9666742	  22.30707	       -63	          84	            0	                 0	          0	
  9666792	  22.22927	       -62	          84	            0	                 0	          0	
  9666842	  21.99825	       -62	          84	            0	                 0	          0	
  9666892	  21.83586	       -62	          83	            0	                 0	          0	
  9666942	  21.93471	       -62	          83	            0	                 0	          0	
  9666992	  22.23517	       -63	          83	            0	                 0	          0	
  9667042	  22.16514	       -63	          82	            0	                 0	          0	
  9667092	  22.04133	       -63	          79	            0	                 0	          0	
  9667142	    22.032	       -62	          79	            0	                 0	          0	
  9667192	  21.98129	       -62	          81	            0	                 0	          0	
  9667242	  22.10598	       -63	          83	            0	                 0	          0	
  9667292	  22.20154	       -63	          83	            0	                 0	          0	
  9667342	  22.22921	       -63	          81	            0	                 0	          0	
  9667392	  22.13692	       -62	          82	            0	                 0	          0	
  9667442	  22.08506	       -62	          84	            0	                 0	          0	
  9667492	  22.05241	       -63	          84	            0	                 0	          0	
  9667542	   21.8861	       -64	          85	            0	                 0	          0	
  9667592	  21.98967	       -63	          86	            0	                 0	          0	
  9667642	  22.10964	       -63	          84	            0	                 0	          0	
  9667692	  22.09981	       -64	          85	            0	                 0	          0	
  9667742	  22.07642	       -64	          85	            0	                 0	          0	
  9667792	  21.93477	       -64	          84	            0	                 0	          0	
  9667842	  21.90397	       -63	          86	            0	                 0	          0	
  9667892	  21.99458	       -62	          84	            0	                 0	          0	
  9667942	  22.13243	       -63	          83	            0	                 0	          0	
  9667992	  22.01824	       -62	          86	            0	                 0	          0	
  9668042	  21.79936	       -62	          85	            0	                 0	          0	
  9668092	  21.77768	       -63	          82	            0	                 0	          0	
  9668142	  21.75431	       -63	          83	            0	                 0	          0	
  9668192	  21.85266	       -63	          83	            0	                 0	          0	
  9668242	  22.21375	       -62	          80	            0	                 0	          0	
  9668292	  22.66419	       -62	          81	            0	                 0	          0	
  9668342	   22.4886	       -63	          82	            0	                 0	          0	
  9668392	  22.15842	       -63	          85	            0	                 0	          0	
  9668442	  22.21159	       -62	          86	            0	                 0	          0	
  9668492	  22.18895	       -62	          86	            0	                 0	          0	
  9668542	  22.12588	       -63	          86	            0	                 0	          0	
  9668592	  21.98101	       -63	          84	            0	                 0	          0	
  9668642	  21.86311	       -63	          84	            0	                 0	          0	
  9668692	  21.84046	       -63	          85	            0	                 0	          0	
  9668742	  21.82986	       -63	          86	            0	                 0	          0	
  9668792	  22.04278	       -63	          85	            0	                 0	          0	
  9668842	  22.27402	       -62	          83	            0	                 0	          0	
  9668892	  22.10802	       -62	          84	            0	                 0	          0	
  9668942	  22.05083	       -63	          86	            0	                 0	          0	
  9668992	  21.81134	       -63	          85	            0	                 0	          0	
  9669042	  21.82086	       -62	          82	            0	                 0	          0	
  9669092	  22.05397	       -62	          82	            0	                 0	          0	
  9669142	  22.09082	       -63	          81	            0	                 0	          0	
  9669192	  22.26074	       -62	          80	            0	                 0	          0	
  9669242	  22.24266	       -62	          82	            0	                 0	          0	
  9669292	  22.11551	       -63	          83	            0	                 0	          0	
  9669342	  22.19705	       -63	          81	            0	                 0	          0	
  9669392	  22.20497	       -63	          82	            0	                 0	          0	
  9669442	  21.93364	       -63	          84	            0	                 0	          0	
  9669492	  21.78342	       -62	          84	            0	                 0	          0	
  9669542	  21.83278	       -62	          82	            0	                 0	          0	
  9669592	  22.08201	       -63	          80	            0	                 0	          0	
  9669642	  22.00335	       -62	          82	            0	                 0	          0	
  9669692	  21.77765	       -63	          82	            0	                 0	          0	
  9669742	  21.98767	       -63	          82	            0	                 0	          0	
  9669792	  22.26505	       -63	          82	            0	                 0	          0	
  9669842	   22.1334	       -62	          83	            0	                 0	          0	
  9669892	  21.92656	       -62	          83	            0	                 0	          0	
  9669942	  22.13738	       -63	          82	            0	                 0	          0	
  9669992	  22.29315	       -63	          83	            0	                 0	          0	
  9670042	  22.01434	       -63	          84	            0	                 0	          0	
  9670092	  21.96624	       -62	          84	            0	                 0	          0	
  9670142	   22.0569	       -62	          84	            0	                 0	          0	
  9670192	  22.03798	       -62	          83	            0	                 0	          0	
  9670242	  22.00311	       -62	          84	            0	                 0	          0	
  9670292	  21.90411	       -62	          85	            0	                 0	          0	
  9670342	  21.93176	       -62	          85	            0	                 0	          0	
  9670392	  22.16508	       -63	          85	            0	                 0	          0	
  9670442	  22.45475	       -63	          84	            0	                 0	          0	
  9670492	  22.14405	       -63	          84	            0	                 0	          0	
  9670542	  22.00376	       -62	          83	            0	                 0	          0	
  9670592	  21.88543	       -62	          84	            0	                 0	          0	
  9670642	  21.88069	       -62	          83	            0	                 0	          0	
  9670692	  22.15081	       -62	          81	            0	                 0	          0	
  9670742	  21.73305	       -63	          84	            0	                 0	          0	
  9670792	  21.78551	       -63	          84	            0	                 0	          0	
  9670842	  22.23164	       -62	          82	            0	                 0	          0	
  9670892	  22.28476	       -62	          83	            0	                 0	          0	
  9670942	  22.23641	       -63	          83	            0	                 0	          0	
  9670992	  22.45671	       -63	          81	            0	                 0	          0	
  9671042	  22.42818	       -62	          81	            0	                 0	          0	
  9671092	  22.07992	       -62	          84	            0	                 0	          0	
  9671142	  21.90476	       -61	          84	            0	                 0	          0	
  9671192	  21.85635	       -62	          82	            0	                 0	          0	
  9671242	  21.90105	       -63	          83	            0	                 0	          0	
  9671292	  22.02164	       -64	          85	            0	                 0	          0	
  9671342	  21.89593	       -63	          83	            0	                 0	          0	
  9671392	  21.86397	       -63	          83	            0	                 0	          0	
  9671442	  22.05469	       -63	          81	            0	                 0	          0	
  9671492	  22.11642	       -62	          80	            0	                 0	          0	
  9671542	  22.13611	       -63	          81	            0	                 0	          0	
  9671592	  22.15675	       -63	          82	            0	                 0	          0	
  9671642	  22.13361	       -63	          83	            0	                 0	          0	
  9671692	  21.97001	       -64	          82	            0	                 0	          0	
  9671742	  22.15729	       -63	          82	            0	                 0	          0	
  9671792	  22.26894	       -62	          81	            0	                 0	          0	
  9671842	  21.87994	       -62	          82	            0	                 0	          0	
  9671892	  21.98537	       -62	          82	            0	                 0	          0	
  9671942	   21.9894	       -63	          84	            0	                 0	          0	
  9671992	  21.66813	       -63	          85	            0	                 0	          0	
  9672042	  21.63012	       -62	          82	            0	                 0	          0	
  9672092	  21.82356	       -63	          83	            0	                 0	          0	
  9672142	  22.15518	       -63	          83	            0	                 0	          0	
  9672192	  21.97928	       -63	          84	            0	                 0	          0	
  9672242	  22.08347	       -63	          85	            0	                 0	          0	
  9672292	  22.11314	       -62	          84	            0	                 0	          0	
  9672342	  21.79467	       -62	          85	            0	                 0	          0	
  9672392	  22.01337	       -62	          84	            0	                 0	          0	
  9672442	    22.065	       -62	          82	            0	                 0	          0	
  9672492	  22.19565	       -63	          83	            0	                 0	          0	
  9672542	   22.1379	       -63	          82	            0	                 0	          0	
  9672592	  21.68131	       -63	          84	            0	                 0	          0	
  9672642	   21.8803	       -62	          86	            0	                 0	          0	
  9672692	  22.19124	       -63	          84	            0	                 0	          0	
  9672742	  21.87827	       -63	          83	            0	                 0	          0	
  9672792	  21.81977	       -63	          82	            0	                 0	          0	
  9672842	  21.93242	       -63	          83	            0	                 0	          0	
  9672892	  21.86262	       -63	          85	            0	                 0	          0	
  9672942	  21.92678	       -62	          84	            0	                 0	          0	
  9672992	   21.9954	       -63	          81	            0	                 0	          0	
  9673042	   22.1293	       -63	          80	            0	                 0	          0	
  9673092	  22.00808	       -63	          82	            0	                 0	          0	
  9673142	  22.11279	       -63	          82	            0	                 0	          0	
  9673192	  22.01433	       -63	          81	            0	                 0	          0	
  9673242	  21.99562	       -62	          81	            0	                 0	          0	
  9673292	  22.13835	       -62	          82	            0	                 0	          0	
  9673342	  22.08391	       -62	          83	            0	                 0	          0	
  9673392	  22.07626	       -63	          81	            0	                 0	          0	
  9673442	  21.88114	       -63	          79	            0	                 0	          0	
  9673492	  21.99843	       -63	          81	            0	                 0	          0	
  9673542	  22.41969	       -63	          80	            0	                 0	          0	
  9673592	  22.14325	       -63	          81	            0	                 0	          0	
  9673642	  21.83673	       -63	          85	            0	                 0	          0	
  9673692	  21.90329	       -63	          84	            0	                 0	          0	
  9673742	  21.80156	       -63	          82	            0	                 0	          0	
  9673792	  21.94635	       -63	          81	            0	                 0	          0	
  9673842	  22.04682	       -63	          82	            0	                 0	          0	
  9673892	  22.14354	       -62	          83	            0	                 0	          0	
  9673942	  22.01495	       -62	          82	            0	                 0	          0	
  9673992	  21.79914	       -62	          82	            0	                 0	          0	
  9674042	   21.9953	       -62	          83	            0	                 0	          0	
  9674092	  22.06219	       -63	          83	            0	                 0	          0	
  9674142	   22.0652	       -63	          83	            0	                 0	          0	
  9674192	  21.98759	       -62	          84	            0	                 0	          0	
  9674242	  21.98005	       -62	          83	            0	                 0	          0	
  9674292	  22.15681	       -62	          81	            0	                 0	          0	
  9674342	   22.0442	       -63	          81	            0	                 0	          0	
  9674392	  22.00457	       -63	          82	            0	                 0	          0	
  9674442	  21.84656	       -62	          82	            0	                 0	          0	
  9674492	  21.98626	       -62	          81	            0	                 0	          0	
  9674542	  21.89523	       -62	          82	            0	                 0	          0	
  9674592	  21.72921	       -62	          83	            0	                 0	          0	
  9674642	  22.01241	       -62	          83	            0	                 0	          0	
  9674692	  22.01958	       -63	          82	            0	                 0	          0	
  9674742	  21.91518	       -62	          81	            0	                 0	          0	
  9674792	  22.04396	       -63	          82	            0	                 0	          0	
  9674842	  22.00572	       -63	          81	            0	                 0	          0	
  9674892	  21.92574	       -63	          81	            0	                 0	          0	
  9674942	  22.14084	       -63	          84	            0	                 0	          0	
  9674992	  22.10499	       -62	          84	            0	                 0	          0	
  9675042	  22.11189	       -62	          83	            0	                 0	          0	
  9675092	  22.09793	       -63	          82	            0	                 0	          0	
  9675142	  22.03539	       -63	          84	            0	                 0	          0	
  9675192	  22.14619	       -62	          87	            0	                 0	          0	
  9675242	  22.10111	       -63	          85	            0	                 0	          0	
  9675292	  22.28272	       -63	          83	            0	                 0	          0	
  9675342	   22.0446	       -63	          85	            0	                 0	          0	
  9675392	  21.69648	       -62	          83	            0	                 0	          0	
  9675442	  22.06734	       -63	          81	            0	                 0	          0	
  9675492	   22.2341	       -63	          81	            0	                 0	          0	
  9675542	  22.24388	       -63	          80	            0	                 0	          0	
  9675592	  22.21676	       -62	          81	            0	                 0	          0	
  9675642	  22.37936	       -62	          82	            0	                 0	          0	
  9675692	  22.29821	       -63	          83	            0	                 0	          0	
  9675742	  21.79251	       -63	          84	            0	                 0	          0	
  9675792	  21.47818	       -63	          82	            0	                 0	          0	
  9675842	  21.55279	       -63	          81	            0	                 0	          0	
  9675892	   21.8742	       -62	          82	            0	                 0	          0	
  9675942	  22.13137	       -62	          83	            0	                 0	          0	
  9675992	   21.8398	       -63	          84	            0	                 0	          0	
  9676042	  21.76498	       -62	          84	            0	                 0	          0	
  9676092	  22.16609	       -62	          81	            0	                 0	          0	
  9676142	  22.26681	       -63	          79	            0	                 0	          0	
  9676192	   22.1704	       -63	          82	            0	                 0	          0	
  9676242	  22.17202	       -64	          81	            0	                 0	          0	
  9676292	  22.06454	       -63	          82	            0	                 0	          0	
  9676342	  22.26648	       -63	          84	            0	                 0	          0	
  9676392	  22.42356	       -63	          82	            0	                 0	          0	
  9676442	  21.97324	       -63	          83	            0	                 0	          0	
  9676492	   21.5604	       -63	          81	            0	                 0	          0	
  9676542	  21.67155	       -64	          79	            0	                 0	          0	
  9676592	  21.92286	       -63	          81	            0	                 0	          0	
  9676642	  22.08754	       -63	          81	            0	                 0	          0	
  9676692	  22.16002	       -63	          83	            0	                 0	          0	
  9676742	  21.96082	       -63	          83	            0	                 0	          0	
  9676792	  21.80964	       -63	          81	            0	                 0	          0	
  9676842	   22.0341	       -63	          81	            0	                 0	          0	
  9676892	  22.06124	       -63	          83	            0	                 0	          0	
  9676942	  22.21877	       -62	          82	            0	                 0	          0	
  9676992	  22.35092	       -63	          80	            0	                 0	          0	
  9677042	  22.21454	       -63	          82	            0	                 0	          0	
  9677092	  22.26091	       -63	          81	            0	                 0	          0	
  9677142	  22.08856	       -64	          80	            0	                 0	          0	
  9677192	  21.74197	       -63	          83	            0	                 0	          0	
  9677242	  21.95654	       -63	          84	            0	                 0	          0	
  9677292	  21.95337	       -63	          82	            0	                 0	          0	
  9677342	  21.63669	       -63	          82	            0	                 0	          0	
  9677392	  21.81223	       -63	          84	            0	                 0	          0	
  9677442	  21.98753	       -63	          86	            0	                 0	          0	
  9677492	  22.10707	       -63	          85	            0	                 0	          0	
  9677542	  22.19191	       -62	          83	            0	                 0	          0	
  9677592	  21.95063	       -63	          84	            0	                 0	          0	
  9677642	  22.04887	       -63	          82	            0	                 0	          0	
  9677692	    22.424	       -63	          82	            0	                 0	          0	
  9677742	  22.20387	       -63	          81	            0	                 0	          0	
  9677792	  21.64174	       -63	          82	            0	                 0	          0	
  9677842	  21.54076	       -63	          84	            0	                 0	          0	
  9677892	  21.63511	       -62	          83	            0	                 0	          0	
  9677942	  21.74982	       -62	          82	            0	                 0	          0	
  9677992	  21.89388	       -62	          82	            0	                 0	          0	
  9678042	  21.94258	       -62	          81	            0	                 0	          0	
  9678092	  22.07336	       -62	          81	            0	                 0	          0	
