TimeStamp	ForceValue	AxialAngle	LateralAngle	MetalSeverity	InAccurateSeverity	NeedZeroing	
  9684842	  22.30679	       -73	          74	            0	                 0	          0	
  9684892	  22.67804	       -74	          72	            0	                 0	          0	
  9684942	  22.77784	       -74	          72	            0	                 0	          0	
  9684992	  22.79628	       -75	          72	            0	                 0	          0	
  9685042	  23.06302	       -75	          70	            0	                 0	          0	
  9685092	  22.73425	       -74	          72	            0	                 0	          0	
  9685142	  22.69993	       -74	          71	            0	                 0	          0	
  9685192	  22.96493	       -73	          70	            0	                 0	          0	
  9685242	  22.96826	       -73	          73	            0	                 0	          0	
  9685292	  22.97004	       -73	          73	            0	                 0	          0	
  9685342	  22.64903	       -74	          72	            0	                 0	          0	
  9685392	  22.56959	       -75	          72	            0	                 0	          0	
  9685442	    22.714	       -74	          71	            0	                 0	          0	
  9685492	   22.5844	       -73	          71	            0	                 0	          0	
  9685542	  22.34413	       -74	          74	            0	                 0	          0	
  9685592	  22.13709	       -74	          75	            0	                 0	          0	
  9685642	  22.77407	       -74	          73	            0	                 0	          0	
  9685692	  22.86518	       -74	          74	            0	                 0	          0	
  9685742	  22.76422	       -74	          74	            0	                 0	          0	
  9685792	  22.74735	       -73	          73	            0	                 0	          0	
  9685842	  22.75218	       -74	          72	            0	                 0	          0	
  9685892	  22.81946	       -74	          72	            0	                 0	          0	
  9685942	   22.2107	       -73	          75	            0	                 0	          0	
  9685992	  22.13491	       -73	          76	            0	                 0	          0	
  9686042	  22.22245	       -74	          76	            0	                 0	          0	
  9686092	  22.23174	       -74	          74	            0	                 0	          0	
  9686142	  22.30513	       -73	          74	            0	                 0	          0	
  9686192	  22.08407	       -73	          77	            0	                 0	          0	
  9686242	  22.19798	       -73	          77	            0	                 0	          0	
  9686292	  22.65623	       -74	          74	            0	                 0	          0	
  9686342	  22.60444	       -73	          75	            0	                 0	          0	
  9686392	  22.67826	       -73	          74	            0	                 0	          0	
  9686442	   22.7753	       -73	          72	            0	                 0	          0	
  9686492	  22.85881	       -73	          73	            0	                 0	          0	
  9686542	  23.01098	       -74	          72	            0	                 0	          0	
  9686592	  22.81645	       -74	          72	            0	                 0	          0	
  9686642	  22.48458	       -74	          74	            0	                 0	          0	
  9686692	  22.38545	       -74	          77	            0	                 0	          0	
  9686742	  22.32609	       -74	          77	            0	                 0	          0	
  9686792	  22.27034	       -74	          76	            0	                 0	          0	
  9686842	  22.58487	       -74	          76	            0	                 0	          0	
  9686892	  22.59172	       -73	          77	            0	                 0	          0	
  9686942	  22.26146	       -74	          76	            0	                 0	          0	
  9686992	  22.11384	       -74	          77	            0	                 0	          0	
  9687042	   22.2569	       -74	          76	            0	                 0	          0	
  9687092	  22.53694	       -73	          76	            0	                 0	          0	
  9687142	  22.46016	       -73	          76	            0	                 0	          0	
  9687192	  22.47373	       -73	          76	            0	                 0	          0	
  9687242	  22.39197	       -73	          78	            0	                 0	          0	
  9687292	  21.95912	       -73	          81	            0	                 0	          0	
  9687342	    21.648	       -74	          81	            0	                 0	          0	
  9687392	  21.87321	       -74	          77	            0	                 0	          0	
  9687442	  22.33939	       -74	          76	            0	                 0	          0	
  9687492	  22.36901	       -74	          76	            0	                 0	          0	
  9687542	  21.90719	       -74	          79	            0	                 0	          0	
  9687592	  21.84568	       -74	          80	            0	                 0	          0	
  9687642	  22.43717	       -74	          77	            0	                 0	          0	
  9687692	  22.59913	       -74	          77	            0	                 0	          0	
  9687742	  22.42237	       -74	          80	            0	                 0	          0	
  9687792	  22.02845	       -74	          80	            0	                 0	          0	
  9687842	  22.21739	       -73	          77	            0	                 0	          0	
  9687892	  22.61792	       -73	          77	            0	                 0	          0	
  9687942	  22.48535	       -73	          79	            0	                 0	          0	
  9687992	  22.23988	       -73	          79	            0	                 0	          0	
  9688042	  22.20917	       -73	          78	            0	                 0	          0	
  9688092	  22.30288	       -73	          79	            0	                 0	          0	
  9688142	  22.15217	       -73	          79	            0	                 0	          0	
  9688192	  22.18827	       -72	          79	            0	                 0	          0	
  9688242	  22.28975	       -73	          79	            0	                 0	          0	
  9688292	   22.3367	       -74	          79	            0	                 0	          0	
  9688342	  22.35075	       -74	          77	            0	                 0	          0	
  9688392	  22.05923	       -74	          79	            0	                 0	          0	
  9688442	  21.82856	       -74	          81	            0	                 0	          0	
  9688492	  22.23323	       -74	          78	            0	                 0	          0	
  9688542	  22.54322	       -74	          76	            0	                 0	          0	
  9688592	  22.35748	       -74	          77	            0	                 0	          0	
  9688642	  22.15145	       -74	          78	            0	                 0	          0	
  9688692	  22.16269	       -73	          77	            0	                 0	          0	
  9688742	  22.30676	       -73	          77	            0	                 0	          0	
  9688792	  22.39388	       -73	          79	            0	                 0	          0	
  9688842	  22.28568	       -73	          79	            0	                 0	          0	
  9688892	  21.97729	       -74	          80	            0	                 0	          0	
  9688942	  22.01975	       -74	          79	            0	                 0	          0	
  9688992	   22.0333	       -73	          80	            0	                 0	          0	
  9689042	  21.98612	       -73	          80	            0	                 0	          0	
  9689092	  21.97336	       -74	          81	            0	                 0	          0	
  9689142	  21.97381	       -74	          83	            0	                 0	          0	
  9689192	  22.25035	       -74	          80	            0	                 0	          0	
  9689242	  22.21312	       -73	          81	            0	                 0	          0	
  9689292	  22.09815	       -73	          81	            0	                 0	          0	
  9689342	  21.92466	       -73	          81	            0	                 0	          0	
  9689392	  21.89874	       -74	          81	            0	                 0	          0	
  9689442	  22.37671	       -73	          78	            0	                 0	          0	
  9689492	  22.43105	       -73	          77	            0	                 0	          0	
  9689542	    22.149	       -73	          81	            0	                 0	          0	
  9689592	  21.95604	       -73	          82	            0	                 0	          0	
  9689642	  22.04482	       -74	          77	            0	                 0	          0	
  9689692	  22.48336	       -74	          77	            0	                 0	          0	
  9689742	  22.59566	       -74	          80	            0	                 0	          0	
  9689792	  22.26283	       -74	          80	            0	                 0	          0	
  9689842	  21.85324	       -74	          80	            0	                 0	          0	
  9689892	  21.61849	       -74	          81	            0	                 0	          0	
  9689942	  21.73395	       -74	          81	            0	                 0	          0	
  9689992	  22.03419	       -73	          80	            0	                 0	          0	
  9690042	  22.15477	       -73	          78	            0	                 0	          0	
  9690092	  22.08887	       -73	          79	            0	                 0	          0	
  9690142	  22.09582	       -73	          82	            0	                 0	          0	
  9690192	  22.18841	       -73	          81	            0	                 0	          0	
  9690242	  21.88586	       -74	          80	            0	                 0	          0	
  9690292	  21.78386	       -73	          82	            0	                 0	          0	
  9690342	  21.92617	       -73	          82	            0	                 0	          0	
  9690392	  22.16222	       -74	          81	            0	                 0	          0	
  9690442	   22.2212	       -73	          79	            0	                 0	          0	
  9690492	  21.98981	       -74	          80	            0	                 0	          0	
  9690542	  22.27069	       -74	          81	            0	                 0	          0	
  9690592	  22.46815	       -74	          80	            0	                 0	          0	
  9690642	  22.25962	       -73	          79	            0	                 0	          0	
  9690692	  21.99945	       -73	          79	            0	                 0	          0	
  9690742	  21.91184	       -73	          82	            0	                 0	          0	
  9690792	    22.028	       -73	          82	            0	                 0	          0	
  9690842	  22.17381	       -73	          81	            0	                 0	          0	
  9690892	  22.16079	       -73	          82	            0	                 0	          0	
  9690942	  22.02587	       -73	          80	            0	                 0	          0	
  9690992	  21.92112	       -73	          81	            0	                 0	          0	
  9691042	  21.84455	       -73	          82	            0	                 0	          0	
  9691092	  22.14795	       -73	          81	            0	                 0	          0	
  9691142	  22.48018	       -73	          81	            0	                 0	          0	
  9691192	   22.2154	       -73	          81	            0	                 0	          0	
  9691242	  22.14709	       -74	          80	            0	                 0	          0	
  9691292	  22.08245	       -74	          80	            0	                 0	          0	
  9691342	  21.98326	       -73	          81	            0	                 0	          0	
  9691392	  22.26046	       -73	          82	            0	                 0	          0	
  9691442	  22.23226	       -73	          84	            0	                 0	          0	
  9691492	  22.17248	       -73	          83	            0	                 0	          0	
  9691542	  22.00429	       -73	          82	            0	                 0	          0	
  9691592	  22.07343	       -74	          80	            0	                 0	          0	
  9691642	   22.0433	       -74	          80	            0	                 0	          0	
  9691692	  22.05637	       -74	          79	            0	                 0	          0	
  9691742	  22.38289	       -73	          79	            0	                 0	          0	
  9691792	   22.2474	       -73	          81	            0	                 0	          0	
  9691842	  22.11124	       -73	          80	            0	                 0	          0	
  9691892	  22.02856	       -73	          78	            0	                 0	          0	
  9691942	  21.98973	       -73	          81	            0	                 0	          0	
  9691992	  21.70552	       -73	          83	            0	                 0	          0	
  9692042	   21.7695	       -73	          82	            0	                 0	          0	
  9692092	  21.89357	       -73	          81	            0	                 0	          0	
  9692142	  21.72971	       -73	          82	            0	                 0	          0	
  9692192	  22.15288	       -72	          79	            0	                 0	          0	
  9692242	  22.18082	       -72	          78	            0	                 0	          0	
  9692292	  21.70814	       -73	          82	            0	                 0	          0	
  9692342	  22.10555	       -73	          80	            0	                 0	          0	
  9692392	  22.24523	       -73	          79	            0	                 0	          0	
  9692442	   21.7565	       -74	          80	            0	                 0	          0	
  9692492	  21.64435	       -75	          80	            0	                 0	          0	
  9692542	   21.8362	       -74	          84	            0	                 0	          0	
  9692592	  22.18135	       -73	          84	            0	                 0	          0	
  9692642	  21.94068	       -74	          81	            0	                 0	          0	
  9692692	  21.52639	       -73	          82	            0	                 0	          0	
  9692742	    21.699	       -72	          82	            0	                 0	          0	
  9692792	  21.74516	       -72	          82	            0	                 0	          0	
  9692842	  21.87901	       -73	          82	            0	                 0	          0	
  9692892	  22.11655	       -73	          81	            0	                 0	          0	
  9692942	  22.14097	       -73	          81	            0	                 0	          0	
  9692992	  22.20834	       -73	          83	            0	                 0	          0	
  9693042	  21.87732	       -73	          83	            0	                 0	          0	
  9693092	  21.75383	       -73	          81	            0	                 0	          0	
  9693142	  21.89125	       -73	          81	            0	                 0	          0	
  9693192	  21.82603	       -73	          83	            0	                 0	          0	
  9693242	  21.79988	       -73	          83	            0	                 0	          0	
  9693292	  21.65659	       -73	          82	            0	                 0	          0	
  9693342	  21.84755	       -72	          83	            0	                 0	          0	
  9693392	  21.92439	       -73	          84	            0	                 0	          0	
  9693442	  22.15285	       -73	          83	            0	                 0	          0	
  9693492	  22.13051	       -72	          83	            0	                 0	          0	
  9693542	   21.6877	       -72	          83	            0	                 0	          0	
  9693592	  21.56894	       -73	          82	            0	                 0	          0	
  9693642	  21.64614	       -73	          82	            0	                 0	          0	
  9693692	  22.05651	       -73	          82	            0	                 0	          0	
  9693742	  22.23698	       -72	          82	            0	                 0	          0	
  9693792	  22.00353	       -73	          83	            0	                 0	          0	
  9693842	  22.04334	       -73	          85	            0	                 0	          0	
  9693892	  22.10072	       -73	          84	            0	                 0	          0	
  9693942	  21.82388	       -73	          82	            0	                 0	          0	
  9693992	  22.04914	       -73	          80	            0	                 0	          0	
  9694042	  21.94846	       -73	          82	            0	                 0	          0	
  9694092	  21.74797	       -73	          85	            0	                 0	          0	
  9694142	  21.67445	       -72	          85	            0	                 0	          0	
  9694192	  21.83677	       -73	          84	            0	                 0	          0	
  9694242	  22.14451	       -73	          81	            0	                 0	          0	
  9694292	  22.02561	       -73	          82	            0	                 0	          0	
  9694342	   22.1894	       -74	          82	            0	                 0	          0	
  9694392	  22.29976	       -73	          80	            0	                 0	          0	
  9694442	    21.943	       -72	          82	            0	                 0	          0	
  9694492	  21.90485	       -72	          84	            0	                 0	          0	
  9694542	  22.00371	       -73	          82	            0	                 0	          0	
  9694592	  21.93574	       -74	          82	            0	                 0	          0	
  9694642	  21.88471	       -73	          84	            0	                 0	          0	
  9694692	   21.8995	       -73	          84	            0	                 0	          0	
  9694742	  22.00602	       -73	          83	            0	                 0	          0	
  9694792	  21.90491	       -73	          83	            0	                 0	          0	
  9694842	  21.73665	       -74	          87	            0	                 0	          0	
  9694892	  21.68017	       -74	          86	            0	                 0	          0	
  9694942	  21.77449	       -73	          86	            0	                 0	          0	
  9694992	  21.46533	       -73	          86	            0	                 0	          0	
  9695042	  21.43181	       -73	          85	            0	                 0	          0	
  9695092	  21.94028	       -73	          83	            0	                 0	          0	
  9695142	  21.84738	       -73	          83	            0	                 0	          0	
  9695192	  21.81036	       -73	          84	            0	                 0	          0	
  9695242	  21.91195	       -74	          82	            0	                 0	          0	
  9695292	   21.6024	       -73	          82	            0	                 0	          0	
  9695342	  21.69314	       -73	          83	            0	                 0	          0	
  9695392	     21.79	       -74	          82	            0	                 0	          0	
  9695442	  21.50559	       -73	          82	            0	                 0	          0	
  9695492	  21.86158	       -73	          83	            0	                 0	          0	
  9695542	  22.40402	       -72	          82	            0	                 0	          0	
  9695592	  22.15461	       -72	          83	            0	                 0	          0	
  9695642	  21.85034	       -73	          82	            0	                 0	          0	
  9695692	  21.74379	       -74	          82	            0	                 0	          0	
  9695742	  21.80898	       -74	          84	            0	                 0	          0	
  9695792	  21.86487	       -74	          86	            0	                 0	          0	
  9695842	   21.7608	       -72	          84	            0	                 0	          0	
  9695892	  21.72797	       -72	          83	            0	                 0	          0	
  9695942	   21.8173	       -72	          83	            0	                 0	          0	
  9695992	  22.04219	       -73	          79	            0	                 0	          0	
  9696042	  22.05218	       -74	          79	            0	                 0	          0	
  9696092	   22.0093	       -74	          83	            0	                 0	          0	
  9696142	  21.83178	       -74	          83	            0	                 0	          0	
  9696192	  21.58068	       -73	          84	            0	                 0	          0	
  9696242	  21.63003	       -73	          84	            0	                 0	          0	
  9696292	  21.99939	       -72	          82	            0	                 0	          0	
  9696342	  22.28228	       -72	          82	            0	                 0	          0	
  9696392	  22.16691	       -73	          82	            0	                 0	          0	
  9696442	  21.85158	       -74	          83	            0	                 0	          0	
  9696492	  21.81475	       -74	          83	            0	                 0	          0	
  9696542	  21.79056	       -73	          83	            0	                 0	          0	
  9696592	  21.87014	       -73	          82	            0	                 0	          0	
  9696642	  21.69559	       -73	          85	            0	                 0	          0	
  9696692	  21.29225	       -72	          85	            0	                 0	          0	
  9696742	  21.42666	       -72	          83	            0	                 0	          0	
  9696792	  21.76383	       -72	          85	            0	                 0	          0	
  9696842	  21.82559	       -73	          86	            0	                 0	          0	
  9696892	  21.71066	       -73	          84	            0	                 0	          0	
  9696942	   21.7368	       -73	          83	            0	                 0	          0	
  9696992	  21.87136	       -73	          86	            0	                 0	          0	
  9697042	  21.87467	       -73	          86	            0	                 0	          0	
  9697092	  21.89982	       -72	          82	            0	                 0	          0	
  9697142	  21.89299	       -73	          84	            0	                 0	          0	
  9697192	  21.85864	       -74	          84	            0	                 0	          0	
  9697242	  21.66637	       -73	          85	            0	                 0	          0	
  9697292	  21.39179	       -72	          86	            0	                 0	          0	
  9697342	  21.52888	       -72	          88	            0	                 0	          0	
  9697392	  21.48918	       -73	          86	            0	                 0	          0	
  9697442	  21.83055	       -73	          81	            0	                 0	          0	
  9697492	  21.83586	       -73	          81	            0	                 0	          0	
  9697542	  21.48664	       -73	          83	            0	                 0	          0	
  9697592	   21.7024	       -73	          86	            0	                 0	          0	
  9697642	  22.06711	       -73	          84	            0	                 0	          0	
  9697692	  22.14968	       -73	          85	            0	                 0	          0	
  9697742	  21.75582	       -73	          84	            0	                 0	          0	
  9697792	  21.79118	       -73	          84	            0	                 0	          0	
  9697842	  22.08195	       -73	          86	            0	                 0	          0	
  9697892	  21.84097	       -73	          85	            0	                 0	          0	
  9697942	  21.73337	       -73	          85	            0	                 0	          0	
  9697992	  22.00005	       -73	          86	            0	                 0	          0	
  9698042	  21.98586	       -73	          83	            0	                 0	          0	
  9698092	  21.86019	       -72	          82	            0	                 0	          0	
  9698142	   21.7073	       -72	          85	            0	                 0	          0	
  9698192	  21.76483	       -72	          85	            0	                 0	          0	
  9698242	  21.82112	       -73	          84	            0	                 0	          0	
  9698292	  21.77115	       -74	          83	            0	                 0	          0	
  9698342	  21.70002	       -73	          84	            0	                 0	          0	
  9698392	    21.507	       -72	          85	            0	                 0	          0	
  9698442	   21.5041	       -72	          86	            0	                 0	          0	
  9698492	  21.74954	       -72	          85	            0	                 0	          0	
  9698542	  21.72742	       -73	          85	            0	                 0	          0	
  9698592	  21.62287	       -74	          84	            0	                 0	          0	
  9698642	  21.68614	       -73	          85	            0	                 0	          0	
  9698692	  21.91708	       -73	          87	            0	                 0	          0	
  9698742	   22.0323	       -72	          85	            0	                 0	          0	
  9698792	  21.92495	       -72	          85	            0	                 0	          0	
  9698842	  21.92011	       -72	          85	            0	                 0	          0	
  9698892	   21.7701	       -72	          84	            0	                 0	          0	
  9698942	  21.77271	       -73	          83	            0	                 0	          0	
  9698992	  21.84768	       -73	          85	            0	                 0	          0	
  9699042	  21.94878	       -73	          85	            0	                 0	          0	
  9699092	  21.96597	       -73	          83	            0	                 0	          0	
  9699142	  21.89788	       -73	          84	            0	                 0	          0	
  9699192	  22.04151	       -73	          83	            0	                 0	          0	
  9699242	  21.65639	       -72	          87	            0	                 0	          0	
  9699292	  21.50793	       -73	          86	            0	                 0	          0	
  9699342	  21.72801	       -73	          85	            0	                 0	          0	
  9699392	  21.88223	       -73	          85	            0	                 0	          0	
  9699442	     21.97	       -73	          85	            0	                 0	          0	
  9699492	  21.86489	       -73	          85	            0	                 0	          0	
  9699542	   21.8694	       -73	          83	            0	                 0	          0	
  9699592	  21.82944	       -73	          83	            0	                 0	          0	
  9699642	  21.93373	       -72	          84	            0	                 0	          0	
  9699692	  21.93565	       -73	          85	            0	                 0	          0	
  9699742	  21.63752	       -74	          84	            0	                 0	          0	
  9699792	  21.70915	       -74	          82	            0	                 0	          0	
  9699842	  21.71479	       -74	          81	            0	                 0	          0	
  9699892	   21.4461	       -73	          83	            0	                 0	          0	
  9699942	  21.62047	       -73	          85	            0	                 0	          0	
  9699992	  21.73459	       -73	          86	            0	                 0	          0	
  9700042	  21.79076	       -73	          85	            0	                 0	          0	
  9700092	  21.70363	       -74	          86	            0	                 0	          0	
  9700142	  21.52152	       -73	          86	            0	                 0	          0	
  9700192	   21.8233	       -73	          84	            0	                 0	          0	
  9700242	  21.84066	       -74	          83	            0	                 0	          0	
  9700292	   21.5992	       -73	          84	            0	                 0	          0	
  9700342	  21.60959	       -73	          86	            0	                 0	          0	
  9700392	  21.82979	       -73	          86	            0	                 0	          0	
  9700442	  21.95332	       -73	          85	            0	                 0	          0	
  9700492	  21.98528	       -73	          83	            0	                 0	          0	
  9700542	  21.95767	       -74	          81	            0	                 0	          0	
  9700592	   21.7791	       -73	          81	            0	                 0	          0	
  9700642	  21.67604	       -73	          84	            0	                 0	          0	
  9700692	  22.00707	       -73	          85	            0	                 0	          0	
  9700742	  22.05655	       -73	          84	            0	                 0	          0	
  9700792	  21.65706	       -73	          83	            0	                 0	          0	
  9700842	  21.49299	       -73	          85	            0	                 0	          0	
  9700892	  21.62396	       -73	          86	            0	                 0	          0	
  9700942	  21.72169	       -72	          84	            0	                 0	          0	
  9700992	  21.74125	       -72	          85	            0	                 0	          0	
  9701042	  21.87919	       -73	          85	            0	                 0	          0	
  9701092	   21.7916	       -73	          84	            0	                 0	          0	
  9701142	  21.56564	       -72	          84	            0	                 0	          0	
  9701192	  21.68716	       -72	          83	            0	                 0	          0	
  9701242	  21.86625	       -72	          84	            0	                 0	          0	
  9701292	  21.75871	       -72	          86	            0	                 0	          0	
  9701342	  21.58814	       -73	          88	            0	                 0	          0	
  9701392	  21.60223	       -74	          88	            0	                 0	          0	
  9701442	  21.86781	       -73	          85	            0	                 0	          0	
  9701492	   21.8988	       -73	          84	            0	                 0	          0	
  9701542	  21.70813	       -73	          86	            0	                 0	          0	
  9701592	  21.69241	       -72	          86	            0	                 0	          0	
  9701642	  21.69221	       -72	          86	            0	                 0	          0	
  9701692	  21.76806	       -73	          85	            0	                 0	          0	
  9701742	  21.87344	       -73	          83	            0	                 0	          0	
  9701792	  21.91378	       -73	          84	            0	                 0	          0	
  9701842	  21.81618	       -73	          86	            0	                 0	          0	
  9701892	   21.9524	       -73	          84	            0	                 0	          0	
  9701942	  22.01557	       -72	          84	            0	                 0	          0	
  9701992	  21.44084	       -72	          88	            0	                 0	          0	
  9702042	  21.49375	       -72	          87	            0	                 0	          0	
  9702092	  21.80928	       -72	          84	            0	                 0	          0	
  9702142	  21.59673	       -73	          85	            0	                 0	          0	
  9702192	  21.70818	       -73	          87	            0	                 0	          0	
  9702242	  21.61582	       -73	          87	            0	                 0	          0	
  9702292	  21.58166	       -73	          86	            0	                 0	          0	
  9702342	  21.83929	       -73	          84	            0	                 0	          0	
  9702392	  21.66761	       -73	          85	            0	                 0	          0	
  9702442	  21.43803	       -72	          84	            0	                 0	          0	
  9702492	  21.44739	       -72	          84	            0	                 0	          0	
  9702542	  21.60194	       -72	          86	            0	                 0	          0	
  9702592	  21.49269	       -73	          87	            0	                 0	          0	
  9702642	  21.43634	       -73	          87	            0	                 0	          0	
  9702692	  21.52236	       -73	          87	            0	                 0	          0	
  9702742	  21.55736	       -73	          87	            0	                 0	          0	
  9702792	  21.67655	       -73	          83	            0	                 0	          0	
  9702842	  21.89483	       -73	          82	            0	                 0	          0	
  9702892	   21.8016	       -72	          87	            0	                 0	          0	
  9702942	  21.61546	       -73	          88	            0	                 0	          0	
  9702992	  21.72244	       -74	          86	            0	                 0	          0	
  9703042	  21.78331	       -73	          85	            0	                 0	          0	
  9703092	  21.47722	       -73	          84	            0	                 0	          0	
  9703142	  21.46896	       -73	          84	            0	                 0	          0	
  9703192	  21.60483	       -72	          84	            0	                 0	          0	
  9703242	  21.66838	       -72	          85	            0	                 0	          0	
  9703292	  21.86762	       -72	          88	            0	                 0	          0	
  9703342	  21.53734	       -73	          88	            0	                 0	          0	
  9703392	  21.45459	       -73	          87	            0	                 0	          0	
  9703442	  21.66435	       -72	          85	            0	                 0	          0	
  9703492	  21.49604	       -73	          86	            0	                 0	          0	
  9703542	  21.64736	       -73	          88	            0	                 0	          0	
  9703592	   21.6386	       -72	          88	            0	                 0	          0	
  9703642	  21.39073	       -72	          87	            0	                 0	          0	
  9703692	  21.29802	       -73	          87	            0	                 0	          0	
  9703742	  21.57845	       -73	          88	            0	                 0	          0	
  9703792	  21.79418	       -73	          87	            0	                 0	          0	
  9703842	  21.46138	       -73	          87	            0	                 0	          0	
  9703892	  21.43478	       -72	          87	            0	                 0	          0	
  9703942	  21.77091	       -72	          87	            0	                 0	          0	
  9703992	  21.57475	       -73	          86	            0	                 0	          0	
  9704042	  21.36523	       -73	          86	            0	                 0	          0	
  9704092	  21.62823	       -73	          87	            0	                 0	          0	
  9704142	  21.59558	       -73	          86	            0	                 0	          0	
  9704192	  21.58759	       -73	          85	            0	                 0	          0	
  9704242	  21.49684	       -72	          85	            0	                 0	          0	
  9704292	  21.41082	       -73	          84	            0	                 0	          0	
  9704342	  21.39781	       -73	          84	            0	                 0	          0	
  9704392	  21.34336	       -72	          84	            0	                 0	          0	
  9704442	    21.659	       -73	          84	            0	                 0	          0	
  9704492	  21.72433	       -74	          84	            0	                 0	          0	
  9704542	  21.36933	       -73	          86	            0	                 0	          0	
  9704592	  21.53455	       -73	          86	            0	                 0	          0	
  9704642	  21.77788	       -73	          85	            0	                 0	          0	
  9704692	  21.46553	       -73	          85	            0	                 0	          0	
  9704742	  21.30148	       -73	          84	            0	                 0	          0	
  9704792	  21.48074	       -72	          85	            0	                 0	          0	
  9704842	  21.69787	       -72	          85	            0	                 0	          0	
  9704892	  21.69397	       -73	          84	            0	                 0	          0	
  9704942	  21.56431	       -73	          85	            0	                 0	          0	
  9704992	  21.55624	       -73	          86	            0	                 0	          0	
  9705042	  21.64558	       -74	          88	            0	                 0	          0	
  9705092	  22.01797	       -73	          88	            0	                 0	          0	
  9705142	  21.88394	       -73	          87	            0	                 0	          0	
  9705192	  21.55444	       -73	          87	            0	                 0	          0	
  9705242	  21.67911	       -73	          86	            0	                 0	          0	
  9705292	  21.62194	       -73	          86	            0	                 0	          0	
  9705342	  21.64738	       -72	          87	            0	                 0	          0	
  9705392	  21.68927	       -73	          86	            0	                 0	          0	
  9705442	  21.57984	       -73	          85	            0	                 0	          0	
  9705492	  21.56672	       -73	          86	            0	                 0	          0	
  9705542	  21.71576	       -73	          85	            0	                 0	          0	
  9705592	  21.85918	       -73	          85	            0	                 0	          0	
  9705642	  21.65818	       -73	          86	            0	                 0	          0	
  9705692	   21.5952	       -73	          86	            0	                 0	          0	
  9705742	  21.43229	       -73	          87	            0	                 0	          0	
  9705792	  21.47151	       -73	          85	            0	                 0	          0	
  9705842	  22.03181	       -73	          84	            0	                 0	          0	
  9705892	  21.86954	       -73	          85	            0	                 0	          0	
  9705942	  21.36353	       -73	          88	            0	                 0	          0	
  9705992	  21.24452	       -73	          88	            0	                 0	          0	
  9706042	  21.30494	       -74	          87	            0	                 0	          0	
  9706092	  21.54887	       -73	          88	            0	                 0	          0	
  9706142	  21.56115	       -72	          88	            0	                 0	          0	
  9706192	  21.45809	       -72	          88	            0	                 0	          0	
  9706242	  21.59138	       -72	          86	            0	                 0	          0	
  9706292	  21.70962	       -73	          85	            0	                 0	          0	
  9706342	  21.61122	       -74	          88	            0	                 0	          0	
  9706392	  21.55902	       -73	          86	            0	                 0	          0	
  9706442	  21.68938	       -73	          83	            0	                 0	          0	
  9706492	  21.40473	       -72	          86	            0	                 0	          0	
  9706542	  21.45451	       -72	          86	            0	                 0	          0	
  9706592	  21.52923	       -73	          86	            0	                 0	          0	
  9706642	  21.46854	       -73	          86	            0	                 0	          0	
  9706692	  21.59013	       -72	          84	            0	                 0	          0	
  9706742	  21.55319	       -73	          86	            0	                 0	          0	
  9706792	  21.52494	       -73	          89	            0	                 0	          0	
  9706842	   21.5293	       -73	          86	            0	                 0	          0	
  9706892	  21.48063	       -72	          82	            0	                 0	          0	
  9706942	  21.44869	       -73	          83	            0	                 0	          0	
  9706992	   21.5369	       -73	          86	            0	                 0	          0	
  9707042	    21.451	       -73	          85	            0	                 0	          0	
  9707092	  21.60619	       -73	          85	            0	                 0	          0	
  9707142	  21.64891	       -73	          87	            0	                 0	          0	
  9707192	  21.82477	       -73	          88	            0	                 0	          0	
  9707242	  21.88663	       -73	          87	            0	                 0	          0	
  9707292	  21.57883	       -72	          87	            0	                 0	          0	
  9707342	  21.99506	       -72	          85	            0	                 0	          0	
  9707392	  22.28202	       -72	          81	            0	                 0	          0	
  9707442	   21.6559	       -73	          85	            0	                 0	          0	
  9707492	  21.24677	       -73	          87	            0	                 0	          0	
  9707542	  21.32921	       -73	          87	            0	                 0	          0	
  9707592	  21.42843	       -72	          86	            0	                 0	          0	
  9707642	  21.52491	       -73	          85	            0	                 0	          0	
  9707692	  21.79105	       -73	          87	            0	                 0	          0	
  9707742	  21.65403	       -73	          87	            0	                 0	          0	
  9707792	  21.27981	       -73	          87	            0	                 0	          0	
  9707842	  21.45582	       -72	          87	            0	                 0	          0	
  9707892	  21.66296	       -73	          87	            0	                 0	          0	
  9707942	  21.64464	       -73	          87	            0	                 0	          0	
  9707992	  21.68602	       -74	          85	            0	                 0	          0	
  9708042	  21.77845	       -73	          87	            0	                 0	          0	
  9708092	  21.91846	       -72	          88	            0	                 0	          0	
  9708142	  21.66808	       -72	          86	            0	                 0	          0	
  9708192	  21.46692	       -72	          86	            0	                 0	          0	
  9708242	  21.72823	       -73	          87	            0	                 0	          0	
  9708292	  21.86904	       -72	          87	            0	                 0	          0	
  9708342	   21.6913	       -72	          88	            0	                 0	          0	
  9708392	  21.59708	       -72	          88	            0	                 0	          0	
  9708442	  21.50897	       -74	          88	            0	                 0	          0	
  9708492	  21.44988	       -74	          85	            0	                 0	          0	
  9708542	  21.32835	       -73	          86	            0	                 0	          0	
  9708592	  21.56931	       -73	          87	            0	                 0	          0	
  9708642	  21.82511	       -74	          83	            0	                 0	          0	
  9708692	  21.29038	       -73	          84	            0	                 0	          0	
  9708742	  21.22202	       -73	          87	            0	                 0	          0	
  9708792	  21.44865	       -73	          86	            0	                 0	          0	
  9708842	  21.53627	       -72	          86	            0	                 0	          0	
  9708892	  21.79127	       -71	          87	            0	                 0	          0	
  9708942	  21.65562	       -73	          86	            0	                 0	          0	
  9708992	  21.53253	       -73	          84	            0	                 0	          0	
  9709042	  21.72512	       -73	          85	            0	                 0	          0	
  9709092	  21.77076	       -72	          87	            0	                 0	          0	
  9709142	   21.7488	       -72	          86	            0	                 0	          0	
  9709192	   21.6581	       -72	          85	            0	                 0	          0	
  9709242	  21.26355	       -73	          86	            0	                 0	          0	
  9709292	   21.2282	       -73	          86	            0	                 0	          0	
  9709342	  21.47005	       -72	          85	            0	                 0	          0	
  9709392	  21.58407	       -73	          86	            0	                 0	          0	
  9709442	  21.68192	       -74	          88	            0	                 0	          0	
  9709492	  21.54414	       -73	          88	            0	                 0	          0	
  9709542	  21.37028	       -73	          86	            0	                 0	          0	
  9709592	  21.69081	       -74	          84	            0	                 0	          0	
  9709642	  21.91553	       -73	          86	            0	                 0	          0	
  9709692	  21.72243	       -72	          87	            0	                 0	          0	
  9709742	    21.625	       -72	          86	            0	                 0	          0	
  9709792	  21.50056	       -73	          88	            0	                 0	          0	
  9709842	  21.51002	       -74	          87	            0	                 0	          0	
  9709892	   21.5687	       -74	          87	            0	                 0	          0	
  9709942	  21.55382	       -74	          88	            0	                 0	          0	
  9709992	  21.63845	       -74	          89	            0	                 0	          0	
  9710042	  21.75496	       -74	          88	            0	                 0	          0	
  9710092	  21.69523	       -74	          85	            0	                 0	          0	
  9710142	   21.3856	       -73	          87	            0	                 0	          0	
  9710192	  21.43398	       -73	          87	            0	                 0	          0	
  9710242	  21.49443	       -73	          86	            0	                 0	          0	
  9710292	  21.33199	       -73	          88	            0	                 0	          0	
  9710342	  21.38215	       -73	          87	            0	                 0	          0	
  9710392	  21.51431	       -72	          86	            0	                 0	          0	
  9710442	  21.58053	       -72	          88	            0	                 0	          0	
  9710492	  21.57926	       -73	          87	            0	                 0	          0	
  9710542	    21.569	       -73	          86	            0	                 0	          0	
  9710592	  21.63478	       -73	          87	            0	                 0	          0	
  9710642	  21.48196	       -73	          86	            0	                 0	          0	
  9710692	  21.56884	       -73	          84	            0	                 0	          0	
  9710742	  21.82736	       -73	          85	            0	                 0	          0	
  9710792	  21.91976	       -74	          85	            0	                 0	          0	
  9710842	  21.75861	       -73	          84	            0	                 0	          0	
  9710892	  21.42498	       -73	          85	            0	                 0	          0	
  9710942	  21.37523	       -73	          86	            0	                 0	          0	
  9710992	  21.54403	       -74	          86	            0	                 0	          0	
  9711042	   21.2449	       -73	          86	            0	                 0	          0	
  9711092	   21.2321	       -72	          84	            0	                 0	          0	
  9711142	  21.73234	       -72	          84	            0	                 0	          0	
  9711192	  21.61522	       -73	          86	            0	                 0	          0	
  9711242	  21.42653	       -73	          84	            0	                 0	          0	
  9711292	   21.5163	       -72	          85	            0	                 0	          0	
  9711342	  21.72238	       -73	          85	            0	                 0	          0	
  9711392	  21.73358	       -73	          86	            0	                 0	          0	
  9711442	    21.718	       -73	          88	            0	                 0	          0	
  9711492	  21.58695	       -73	          85	            0	                 0	          0	
  9711542	  21.55757	       -73	          84	            0	                 0	          0	
  9711592	  21.42826	       -73	          85	            0	                 0	          0	
  9711642	  21.05392	       -73	          88	            0	                 0	          0	
  9711692	  21.36638	       -73	          88	            0	                 0	          0	
  9711742	  21.69953	       -72	          85	            0	                 0	          0	
  9711792	  21.26005	       -72	          86	            0	                 0	          0	
  9711842	  21.32506	       -72	          85	            0	                 0	          0	
  9711892	  21.48373	       -73	          85	            0	                 0	          0	
  9711942	  21.33961	       -73	          85	            0	                 0	          0	
  9711992	  21.47297	       -74	          85	            0	                 0	          0	
  9712042	  21.54804	       -73	          87	            0	                 0	          0	
  9712092	  21.56687	       -73	          89	            0	                 0	          0	
  9712142	  21.58748	       -73	          87	            0	                 0	          0	
  9712192	  21.59753	       -72	          86	            0	                 0	          0	
  9712242	  21.32504	       -72	          86	            0	                 0	          0	
  9712292	  21.21587	       -72	          86	            0	                 0	          0	
  9712342	  21.34416	       -72	          86	            0	                 0	          0	
  9712392	  21.64508	       -73	          84	            0	                 0	          0	
  9712442	  21.40286	       -73	          87	            0	                 0	          0	
  9712492	  21.18502	       -74	          87	            0	                 0	          0	
  9712542	  21.41432	       -73	          85	            0	                 0	          0	
  9712592	  21.14872	       -73	          86	            0	                 0	          0	
  9712642	  20.93855	       -73	          87	            0	                 0	          0	
  9712692	  21.09678	       -73	          86	            0	                 0	          0	
  9712742	  21.35852	       -73	          85	            0	                 0	          0	
  9712792	  21.42953	       -73	          85	            0	                 0	          0	
  9712842	  21.51919	       -73	          86	            0	                 0	          0	
  9712892	  21.50489	       -73	          86	            0	                 0	          0	
  9712942	   21.4514	       -73	          87	            0	                 0	          0	
  9712992	  21.45908	       -72	          87	            0	                 0	          0	
  9713042	  21.23857	       -71	          89	            0	                 0	          0	
  9713092	  21.36164	       -73	          89	            0	                 0	          0	
  9713142	  21.54876	       -73	          87	            0	                 0	          0	
  9713192	  21.56202	       -72	          84	            0	                 0	          0	
  9713242	  21.72402	       -72	          83	            0	                 0	          0	
  9713292	  21.45124	       -73	          87	            0	                 0	          0	
  9713342	  21.19115	       -73	          88	            0	                 0	          0	
  9713392	  21.29214	       -72	          86	            0	                 0	          0	
  9713442	  21.52781	       -73	          86	            0	                 0	          0	
  9713492	  21.66162	       -72	          86	            0	                 0	          0	
  9713542	  21.38451	       -73	          85	            0	                 0	          0	
  9713592	  21.22864	       -74	          87	            0	                 0	          0	
  9713642	  21.42757	       -73	          89	            0	                 0	          0	
  9713692	  21.35398	       -72	          86	            0	                 0	          0	
  9713742	  21.28164	       -72	          85	            0	                 0	          0	
  9713792	  21.42342	       -72	          86	            0	                 0	          0	
  9713842	  21.63159	       -73	          85	            0	                 0	          0	
  9713892	  21.58006	       -72	          86	            0	                 0	          0	
  9713942	   21.2876	       -73	          87	            0	                 0	          0	
  9713992	  21.22921	       -74	          87	            0	                 0	          0	
  9714042	  21.27154	       -74	          86	            0	                 0	          0	
  9714092	   21.0306	       -73	          86	            0	                 0	          0	
  9714142	  21.26437	       -73	          87	            0	                 0	          0	
  9714192	  21.57292	       -74	          86	            0	                 0	          0	
  9714242	  21.00153	       -74	          87	            0	                 0	          0	
  9714292	  21.14424	       -73	          85	            0	                 0	          0	
  9714342	  21.64297	       -73	          84	            0	                 0	          0	
  9714392	  21.45333	       -73	          84	            0	                 0	          0	
  9714442	   21.3005	       -73	          85	            0	                 0	          0	
  9714492	  21.30387	       -72	          86	            0	                 0	          0	
  9714542	  21.37069	       -72	          86	            0	                 0	          0	
  9714592	  21.50664	       -72	          87	            0	                 0	          0	
  9714642	   21.7065	       -74	          87	            0	                 0	          0	
  9714692	  21.88587	       -73	          83	            0	                 0	          0	
  9714742	  21.53232	       -73	          84	            0	                 0	          0	
  9714792	  21.50602	       -73	          86	            0	                 0	          0	
  9714842	  21.63358	       -72	          84	            0	                 0	          0	
  9714892	  21.53011	       -73	          86	            0	                 0	          0	
  9714942	    21.606	       -73	          86	            0	                 0	          0	
  9714992	  21.46091	       -72	          85	            0	                 0	          0	
  9715042	  21.51956	       -73	          86	            0	                 0	          0	
  9715092	  21.49435	       -73	          86	            0	                 0	          0	
  9715142	  21.60808	       -73	          82	            0	                 0	          0	
  9715192	  21.48517	       -74	          83	            0	                 0	          0	
  9715242	  21.14317	       -72	          87	            0	                 0	          0	
  9715292	  21.24899	       -72	          86	            0	                 0	          0	
  9715342	  21.45095	       -73	          85	            0	                 0	          0	
  9715392	   21.5201	       -73	          86	            0	                 0	          0	
  9715442	  21.41698	       -73	          86	            0	                 0	          0	
  9715492	   21.2933	       -73	          85	            0	                 0	          0	
  9715542	  21.18777	       -74	          85	            0	                 0	          0	
  9715592	  21.43892	       -73	          84	            0	                 0	          0	
  9715642	  21.69851	       -72	          83	            0	                 0	          0	
  9715692	  21.65342	       -73	          82	            0	                 0	          0	
  9715742	  21.52843	       -73	          83	            0	                 0	          0	
  9715792	  21.66066	       -73	          85	            0	                 0	          0	
  9715842	  21.85616	       -72	          83	            0	                 0	          0	
  9715892	  21.56552	       -72	          83	            0	                 0	          0	
  9715942	  21.20885	       -73	          85	            0	                 0	          0	
  9715992	  21.29769	       -71	          86	            0	                 0	          0	
  9716042	  21.57214	       -71	          86	            0	                 0	          0	
  9716092	  21.52875	       -73	          85	            0	                 0	          0	
  9716142	  21.29204	       -74	          84	            0	                 0	          0	
  9716192	  21.25384	       -73	          84	            0	                 0	          0	
  9716242	  21.50619	       -72	          84	            0	                 0	          0	
  9716292	  21.58676	       -73	          87	            0	                 0	          0	
  9716342	   21.2144	       -74	          85	            0	                 0	          0	
  9716392	  21.28871	       -73	          83	            0	                 0	          0	
  9716442	  21.42511	       -73	          89	            0	                 0	          0	
  9716492	  21.57112	       -73	          87	            0	                 0	          0	
  9716542	  21.72629	       -73	          85	            0	                 0	          0	
  9716592	  21.41869	       -73	          87	            0	                 0	          0	
  9716642	  21.39923	       -73	          88	            0	                 0	          0	
  9716692	  21.61323	       -73	          88	            0	                 0	          0	
  9716742	  21.54196	       -73	          87	            0	                 0	          0	
  9716792	  21.37473	       -74	          87	            0	                 0	          0	
  9716842	  21.42879	       -74	          86	            0	                 0	          0	
  9716892	  21.26767	       -73	          85	            0	                 0	          0	
  9716942	  21.47065	       -73	          88	            0	                 0	          0	
  9716992	  21.65798	       -73	          87	            0	                 0	          0	
  9717042	  21.53959	       -73	          84	            0	                 0	          0	
  9717092	  21.72346	       -73	          85	            0	                 0	          0	
  9717142	  21.74023	       -73	          85	            0	                 0	          0	
  9717192	  21.77832	       -73	          83	            0	                 0	          0	
  9717242	  21.68082	       -73	          85	            0	                 0	          0	
  9717292	  21.44968	       -73	          86	            0	                 0	          0	
  9717342	   21.4842	       -73	          85	            0	                 0	          0	
  9717392	  21.44779	       -72	          87	            0	                 0	          0	
  9717442	  21.49723	       -72	          87	            0	                 0	          0	
  9717492	  21.64146	       -73	          86	            0	                 0	          0	
  9717542	  21.58583	       -72	          85	            0	                 0	          0	
  9717592	  21.35235	       -73	          85	            0	                 0	          0	
  9717642	  21.26208	       -73	          86	            0	                 0	          0	
  9717692	  21.51824	       -72	          86	            0	                 0	          0	
  9717742	    21.609	       -72	          85	            0	                 0	          0	
  9717792	  21.36077	       -73	          86	            0	                 0	          0	
  9717842	  21.29255	       -73	          89	            0	                 0	          0	
  9717892	   21.0454	       -74	          92	            0	                 0	          0	
  9717942	  21.03832	       -74	          87	            0	                 0	          0	
  9717992	  21.26607	       -72	          85	            0	                 0	          0	
  9718042	  21.37832	       -72	          87	            0	                 0	          0	
  9718092	  21.55253	       -72	          89	            0	                 0	          0	
  9718142	  21.41153	       -73	          86	            0	                 0	          0	
  9718192	  21.56962	       -73	          84	            0	                 0	          0	
  9718242	  21.54763	       -72	          84	            0	                 0	          0	
  9718292	  21.54634	       -73	          85	            0	                 0	          0	
  9718342	  21.44525	       -73	          88	            0	                 0	          0	
  9718392	   21.2747	       -73	          85	            0	                 0	          0	
  9718442	  21.18667	       -72	          84	            0	                 0	          0	
  9718492	  21.00685	       -73	          89	            0	                 0	          0	
  9718542	  21.14199	       -73	          87	            0	                 0	          0	
  9718592	  21.02486	       -73	          86	            0	                 0	          0	
  9718642	  21.20326	       -73	          86	            0	                 0	          0	
  9718692	  21.37025	       -73	          85	            0	                 0	          0	
  9718742	  21.05435	       -73	          86	            0	                 0	          0	
  9718792	  21.31198	       -73	          84	            0	                 0	          0	
  9718842	  21.62558	       -73	          87	            0	                 0	          0	
  9718892	  21.52531	       -73	          87	            0	                 0	          0	
  9718942	    21.083	       -73	          85	            0	                 0	          0	
  9718992	  21.05598	       -73	          86	            0	                 0	          0	
  9719042	  21.63872	       -73	          85	            0	                 0	          0	
  9719092	  21.71191	       -73	          86	            0	                 0	          0	
  9719142	   21.4998	       -73	          86	            0	                 0	          0	
  9719192	  21.53135	       -73	          86	            0	                 0	          0	
  9719242	   21.3328	       -74	          85	            0	                 0	          0	
  9719292	  21.05218	       -73	          87	            0	                 0	          0	
  9719342	  21.22253	       -72	          88	            0	                 0	          0	
  9719392	  21.41741	       -73	          86	            0	                 0	          0	
  9719442	  21.34801	       -73	          87	            0	                 0	          0	
  9719492	  21.29689	       -73	          86	            0	                 0	          0	
  9719542	  21.39873	       -74	          85	            0	                 0	          0	
  9719592	  21.57202	       -74	          85	            0	                 0	          0	
  9719642	  21.73582	       -73	          89	            0	                 0	          0	
  9719692	    21.369	       -73	          88	            0	                 0	          0	
  9719742	   20.9828	       -73	          86	            0	                 0	          0	
  9719792	   21.1846	       -74	          87	            0	                 0	          0	
  9719842	   21.3174	       -73	          86	            0	                 0	          0	
  9719892	  21.27951	       -73	          86	            0	                 0	          0	
  9719942	  21.17069	       -73	          86	            0	                 0	          0	
  9719992	  21.22914	       -74	          86	            0	                 0	          0	
  9720042	  21.45164	       -73	          85	            0	                 0	          0	
  9720092	  21.66766	       -73	          85	            0	                 0	          0	
  9720142	   21.5784	       -73	          85	            0	                 0	          0	
  9720192	  21.34935	       -74	          87	            0	                 0	          0	
  9720242	  21.39537	       -74	          89	            0	                 0	          0	
  9720292	  21.22136	       -72	          87	            0	                 0	          0	
  9720342	   21.1923	       -73	          86	            0	                 0	          0	
  9720392	  21.34086	       -74	          89	            0	                 0	          0	
  9720442	  21.32314	       -73	          91	            0	                 0	          0	
  9720492	  21.34444	       -73	          87	            0	                 0	          0	
  9720542	   21.2757	       -72	          85	            0	                 0	          0	
  9720592	  21.22086	       -73	          87	            0	                 0	          0	
  9720642	  21.51296	       -73	          87	            0	                 0	          0	
  9720692	  21.33187	       -73	          87	            0	                 0	          0	
  9720742	  21.27858	       -73	          87	            0	                 0	          0	
  9720792	  21.39874	       -73	          87	            0	                 0	          0	
  9720842	  21.38628	       -72	          87	            0	                 0	          0	
  9720892	  21.30395	       -72	          88	            0	                 0	          0	
  9720942	  21.25882	       -72	          87	            0	                 0	          0	
  9720992	  21.60773	       -73	          84	            0	                 0	          0	
  9721042	  21.28145	       -72	          86	            0	                 0	          0	
  9721092	  21.00856	       -72	          89	            0	                 0	          0	
  9721142	  21.37311	       -72	          86	            0	                 0	          0	
  9721192	  21.45698	       -73	          85	            0	                 0	          0	
  9721242	  21.26123	       -73	          85	            0	                 0	          0	
  9721292	  21.03109	       -73	          88	            0	                 0	          0	
  9721342	  20.84178	       -72	          91	            0	                 0	          0	
  9721392	    20.975	       -73	          89	            0	                 0	          0	
  9721442	  21.14754	       -73	          87	            0	                 0	          0	
  9721492	  21.28168	       -73	          86	            0	                 0	          0	
  9721542	  21.51543	       -74	          86	            0	                 0	          0	
  9721592	  21.36456	       -73	          86	            0	                 0	          0	
  9721642	  21.52128	       -72	          86	            0	                 0	          0	
  9721692	  21.52596	       -72	          85	            0	                 0	          0	
  9721742	  21.30227	       -72	          84	            0	                 0	          0	
  9721792	  21.05907	       -72	          84	            0	                 0	          0	
  9721842	  21.02658	       -73	          86	            0	                 0	          0	
  9721892	  21.48431	       -74	          88	            0	                 0	          0	
  9721942	  21.41084	       -73	          86	            0	                 0	          0	
  9721992	   21.3167	       -73	          84	            0	                 0	          0	
  9722042	  21.32293	       -72	          86	            0	                 0	          0	
  9722092	  21.12533	       -72	          86	            0	                 0	          0	
  9722142	   21.0134	       -73	          85	            0	                 0	          0	
  9722192	  21.22898	       -73	          88	            0	                 0	          0	
  9722242	  21.25522	       -73	          88	            0	                 0	          0	
  9722292	    20.966	       -73	          86	            0	                 0	          0	
  9722342	  21.17956	       -73	          88	            0	                 0	          0	
  9722392	  21.40514	       -73	          88	            0	                 0	          0	
  9722442	  21.39616	       -72	          87	            0	                 0	          0	
  9722492	  21.34714	       -72	          87	            0	                 0	          0	
  9722542	  20.99544	       -74	          88	            0	                 0	          0	
  9722592	  21.15761	       -74	          89	            0	                 0	          0	
  9722642	  21.52192	       -73	          85	            0	                 0	          0	
  9722692	  21.45128	       -73	          85	            0	                 0	          0	
  9722742	  21.40106	       -74	          86	            0	                 0	          0	
  9722792	  21.43517	       -74	          86	            0	                 0	          0	
  9722842	  21.28304	       -73	          88	            0	                 0	          0	
  9722892	  21.16343	       -73	          87	            0	                 0	          0	
  9722942	   21.3326	       -73	          85	            0	                 0	          0	
  9722992	  21.43507	       -74	          86	            0	                 0	          0	
  9723042	  21.28625	       -74	          86	            0	                 0	          0	
  9723092	  21.23546	       -73	          86	            0	                 0	          0	
  9723142	  21.21288	       -74	          86	            0	                 0	          0	
  9723192	  21.45164	       -73	          86	            0	                 0	          0	
  9723242	  21.80547	       -73	          86	            0	                 0	          0	
  9723292	  21.63248	       -73	          86	            0	                 0	          0	
  9723342	  21.25831	       -73	          86	            0	                 0	          0	
  9723392	  21.21038	       -73	          85	            0	                 0	          0	
  9723442	  21.19092	       -73	          87	            0	                 0	          0	
  9723492	  21.18946	       -73	          87	            0	                 0	          0	
  9723542	  21.37674	       -73	          86	            0	                 0	          0	
  9723592	  21.29493	       -73	          85	            0	                 0	          0	
  9723642	  21.15487	       -72	          84	            0	                 0	          0	
  9723692	  21.24283	       -73	          84	            0	                 0	          0	
  9723742	  21.33198	       -73	          85	            0	                 0	          0	
  9723792	  21.38787	       -73	          87	            0	                 0	          0	
  9723842	  21.34614	       -74	          87	            0	                 0	          0	
  9723892	  21.27734	       -73	          87	            0	                 0	          0	
  9723942	  21.48482	       -73	          86	            0	                 0	          0	
  9723992	  21.48058	       -74	          85	            0	                 0	          0	
  9724042	  21.38736	       -74	          87	            0	                 0	          0	
  9724092	  21.33335	       -74	          87	            0	                 0	          0	
  9724142	  21.37363	       -74	          86	            0	                 0	          0	
  9724192	   21.3836	       -73	          87	            0	                 0	          0	
  9724242	   21.0066	       -72	          87	            0	                 0	          0	
  9724292	  20.73359	       -73	          87	            0	                 0	          0	
  9724342	  20.96488	       -74	          88	            0	                 0	          0	
  9724392	  21.22134	       -73	          87	            0	                 0	          0	
  9724442	   21.1846	       -72	          87	            0	                 0	          0	
  9724492	  21.30786	       -73	          88	            0	                 0	          0	
  9724542	  21.30318	       -73	          86	            0	                 0	          0	
  9724592	  21.36859	       -73	          86	            0	                 0	          0	
  9724642	  21.20307	       -73	          87	            0	                 0	          0	
  9724692	  21.09478	       -73	          87	            0	                 0	          0	
  9724742	  21.18395	       -73	          88	            0	                 0	          0	
  9724792	  21.27793	       -72	          86	            0	                 0	          0	
  9724842	  21.55714	       -73	          86	            0	                 0	          0	
  9724892	  21.51272	       -73	          88	            0	                 0	          0	
  9724942	  21.35361	       -73	          87	            0	                 0	          0	
  9724992	  21.22094	       -73	          88	            0	                 0	          0	
  9725042	  21.45116	       -74	          88	            0	                 0	          0	
  9725092	  21.65855	       -74	          87	            0	                 0	          0	
  9725142	   21.5906	       -74	          87	            0	                 0	          0	
  9725192	  21.51211	       -73	          87	            0	                 0	          0	
  9725242	  21.32307	       -72	          87	            0	                 0	          0	
  9725292	  21.09768	       -72	          88	            0	                 0	          0	
  9725342	  21.20031	       -73	          87	            0	                 0	          0	
  9725392	  21.18448	       -73	          87	            0	                 0	          0	
  9725442	  21.03833	       -73	          88	            0	                 0	          0	
  9725492	  21.23085	       -74	          89	            0	                 0	          0	
  9725542	   21.2391	       -74	          88	            0	                 0	          0	
  9725592	  21.52985	       -74	          87	            0	                 0	          0	
  9725642	  21.69504	       -74	          90	            0	                 0	          0	
  9725692	  21.51928	       -73	          88	            0	                 0	          0	
  9725742	  21.55996	       -73	          84	            0	                 0	          0	
  9725792	  21.38891	       -73	          85	            0	                 0	          0	
  9725842	  21.06846	       -73	          88	            0	                 0	          0	
  9725892	  21.00543	       -72	          89	            0	                 0	          0	
  9725942	   21.2767	       -73	          89	            0	                 0	          0	
  9725992	  21.31782	       -73	          87	            0	                 0	          0	
  9726042	  21.58369	       -73	          86	            0	                 0	          0	
  9726092	   21.6377	       -72	          86	            0	                 0	          0	
  9726142	  20.85687	       -73	          89	            0	                 0	          0	
  9726192	  20.94985	       -73	          91	            0	                 0	          0	
  9726242	  21.38701	       -72	          88	            0	                 0	          0	
  9726292	  21.10549	       -72	          85	            0	                 0	          0	
  9726342	  20.93295	       -74	          86	            0	                 0	          0	
  9726392	  21.05654	       -75	          86	            0	                 0	          0	
  9726442	  21.39166	       -74	          86	            0	                 0	          0	
  9726492	   21.5024	       -73	          87	            0	                 0	          0	
  9726542	  21.22938	       -73	          88	            0	                 0	          0	
  9726592	  21.37383	       -73	          89	            0	                 0	          0	
  9726642	  21.46735	       -73	          87	            0	                 0	          0	
  9726692	  21.13685	       -74	          86	            0	                 0	          0	
  9726742	  21.04461	       -74	          85	            0	                 0	          0	
  9726792	  21.39584	       -73	          85	            0	                 0	          0	
  9726842	  21.38429	       -72	          86	            0	                 0	          0	
  9726892	   21.4137	       -72	          88	            0	                 0	          0	
  9726942	  21.52959	       -73	          88	            0	                 0	          0	
  9726992	  21.20061	       -74	          87	            0	                 0	          0	
  9727042	   21.1793	       -73	          86	            0	                 0	          0	
  9727092	  21.15496	       -73	          86	            0	                 0	          0	
  9727142	  21.17055	       -73	          88	            0	                 0	          0	
  9727192	  21.64532	       -74	          86	            0	                 0	          0	
  9727242	  21.62254	       -74	          86	            0	                 0	          0	
  9727292	  21.25835	       -73	          87	            0	                 0	          0	
  9727342	  21.17433	       -73	          85	            0	                 0	          0	
  9727392	  21.31289	       -73	          87	            0	                 0	          0	
  9727442	  21.12963	       -74	          87	            0	                 0	          0	
  9727492	  21.20684	       -73	          86	            0	                 0	          0	
  9727542	  21.21422	       -73	          89	            0	                 0	          0	
  9727592	  21.03702	       -73	          91	            0	                 0	          0	
  9727642	  21.22284	       -73	          90	            0	                 0	          0	
  9727692	  21.01708	       -72	          89	            0	                 0	          0	
  9727742	  21.13393	       -73	          88	            0	                 0	          0	
  9727792	  21.08401	       -73	          92	            0	                 0	          0	
  9727842	    21.013	       -73	          90	            0	                 0	          0	
  9727892	   21.3098	       -73	          88	            0	                 0	          0	
  9727942	  21.32429	       -73	          87	            0	                 0	          0	
  9727992	  21.25379	       -73	          87	            0	                 0	          0	
  9728042	  21.29193	       -73	          89	            0	                 0	          0	
  9728092	  21.33301	       -72	          87	            0	                 0	          0	
  9728142	  21.40985	       -73	          86	            0	                 0	          0	
  9728192	  21.53813	       -73	          88	            0	                 0	          0	
  9728242	  21.45657	       -73	          89	            0	                 0	          0	
  9728292	  21.32005	       -73	          87	            0	                 0	          0	
  9728342	  21.28535	       -74	          87	            0	                 0	          0	
  9728392	  21.49128	       -74	          87	            0	                 0	          0	
  9728442	  21.35609	       -73	          88	            0	                 0	          0	
  9728492	  20.84448	       -73	          88	            0	                 0	          0	
  9728542	  20.85453	       -73	          87	            0	                 0	          0	
  9728592	  21.22413	       -73	          88	            0	                 0	          0	
  9728642	  21.25347	       -72	          89	            0	                 0	          0	
  9728692	  21.23188	       -73	          88	            0	                 0	          0	
  9728742	  21.34478	       -73	          88	            0	                 0	          0	
  9728792	  21.38288	       -73	          90	            0	                 0	          0	
  9728842	   21.5849	       -73	          89	            0	                 0	          0	
  9728892	  21.50624	       -73	          89	            0	                 0	          0	
  9728942	   21.3359	       -74	          87	            0	                 0	          0	
  9728992	  21.40146	       -73	          85	            0	                 0	          0	
  9729042	  21.39204	       -73	          86	            0	                 0	          0	
  9729092	  21.03323	       -73	          88	            0	                 0	          0	
  9729142	  21.05517	       -73	          88	            0	                 0	          0	
  9729192	  21.36029	       -73	          86	            0	                 0	          0	
  9729242	  21.09982	       -73	          89	            0	                 0	          0	
  9729292	   21.0218	       -73	          91	            0	                 0	          0	
  9729342	  21.05166	       -73	          90	            0	                 0	          0	
  9729392	  21.24212	       -73	          88	            0	                 0	          0	
  9729442	  21.49597	       -73	          88	            0	                 0	          0	
  9729492	  21.32248	       -74	          88	            0	                 0	          0	
  9729542	  21.15132	       -73	          86	            0	                 0	          0	
  9729592	   21.3342	       -73	          85	            0	                 0	          0	
  9729642	  21.22388	       -74	          88	            0	                 0	          0	
  9729692	  21.04764	       -73	          88	            0	                 0	          0	
  9729742	  21.16887	       -73	          88	            0	                 0	          0	
  9729792	  21.45412	       -72	          87	            0	                 0	          0	
  9729842	  21.67935	       -72	          85	            0	                 0	          0	
  9729892	  21.19156	       -74	          84	            0	                 0	          0	
  9729942	  20.73603	       -74	          87	            0	                 0	          0	
  9729992	  21.02959	       -73	          90	            0	                 0	          0	
  9730042	  21.13082	       -74	          91	            0	                 0	          0	
  9730092	  21.09537	       -73	          89	            0	                 0	          0	
  9730142	  21.35141	       -72	          86	            0	                 0	          0	
  9730192	  21.48597	       -73	          85	            0	                 0	          0	
  9730242	  21.46831	       -73	          87	            0	                 0	          0	
  9730292	   21.3723	       -73	          87	            0	                 0	          0	
  9730342	  21.32872	       -73	          88	            0	                 0	          0	
  9730392	  21.39311	       -73	          86	            0	                 0	          0	
  9730442	  21.12468	       -72	          85	            0	                 0	          0	
  9730492	  21.18146	       -72	          89	            0	                 0	          0	
  9730542	  21.43148	       -73	          90	            0	                 0	          0	
  9730592	  21.12944	       -73	          87	            0	                 0	          0	
  9730642	  20.96274	       -73	          86	            0	                 0	          0	
  9730692	  21.25854	       -73	          89	            0	                 0	          0	
  9730742	  21.60732	       -72	          90	            0	                 0	          0	
  9730792	  21.46344	       -72	          87	            0	                 0	          0	
  9730842	   21.2243	       -73	          88	            0	                 0	          0	
  9730892	   21.2582	       -73	          90	            0	                 0	          0	
  9730942	  21.25298	       -73	          88	            0	                 0	          0	
  9730992	  21.24073	       -73	          87	            0	                 0	          0	
  9731042	  21.18043	       -73	          90	            0	                 0	          0	
  9731092	   21.1696	       -73	          89	            0	                 0	          0	
  9731142	  21.05982	       -72	          88	            0	                 0	          0	
  9731192	  21.26994	       -72	          87	            0	                 0	          0	
  9731242	  21.33802	       -72	          87	            0	                 0	          0	
  9731292	  21.25336	       -73	          88	            0	                 0	          0	
  9731342	  21.15874	       -73	          89	            0	                 0	          0	
