TimeStamp	ForceValue	AxialAngle	LateralAngle	MetalSeverity	InAccurateSeverity	NeedZeroing	
  9847642	   12.6975	       -94	          86	            0	                 0	          0	
  9847692	  13.04824	       -94	          86	            0	                 0	          0	
  9847742	  13.27288	       -94	          86	            0	                 0	          0	
  9847792	  13.10288	       -94	          85	            0	                 0	          0	
  9847842	  13.18612	       -94	          86	            0	                 0	          0	
  9847892	  13.00694	       -93	          89	            0	                 0	          0	
  9847942	  12.73815	       -93	          84	            0	                 0	          0	
  9847992	  12.86202	       -94	          83	            0	                 0	          0	
  9848042	  12.74893	       -93	          86	            0	                 0	          0	
  9848092	  12.70515	       -93	          85	            0	                 0	          0	
  9848142	  12.65336	       -93	          84	            0	                 0	          0	
  9848192	  12.45208	       -93	          83	            0	                 0	          0	
  9848242	  12.75154	       -93	          81	            0	                 0	          0	
  9848292	  12.82828	       -93	          84	            0	                 0	          0	
  9848342	  12.59023	       -92	          87	            0	                 0	          0	
  9848392	  12.71117	       -90	          85	            0	                 0	          0	
  9848442	  12.86389	       -91	          90	            0	                 0	          0	
  9848492	  12.90603	       -92	          90	            0	                 0	          0	
  9848542	  13.05214	       -93	          84	            0	                 0	          0	
  9848592	  12.88996	       -95	          86	            0	                 0	          0	
  9848642	  12.62366	       -94	          91	            0	                 0	          0	
  9848692	  12.56767	       -92	          88	            0	                 0	          0	
  9848742	  12.64495	       -92	          86	            0	                 0	          0	
  9848792	  12.76344	       -92	          88	            0	                 0	          0	
  9848842	  12.63482	       -91	          90	            0	                 0	          0	
  9848892	  12.50597	       -91	          90	            0	                 0	          0	
  9848942	  12.57092	       -93	          91	            0	                 0	          0	
  9848992	  12.82192	       -92	          87	            0	                 0	          0	
  9849042	   13.1141	       -93	          84	            0	                 0	          0	
  9849092	  12.83866	       -94	          89	            0	                 0	          0	
  9849142	  12.20444	       -93	          91	            0	                 0	          0	
  9849192	  12.45811	       -93	          88	            0	                 0	          0	
  9849242	  12.88977	       -93	          88	            0	                 0	          0	
  9849292	  13.13764	       -93	          89	            0	                 0	          0	
  9849342	  13.10505	       -93	          86	            0	                 0	          0	
  9849392	  12.55147	       -92	          88	            0	                 0	          0	
  9849442	  12.76168	       -92	          91	            0	                 0	          0	
  9849492	  12.77711	       -92	          88	            0	                 0	          0	
  9849542	  12.74313	       -94	          81	            0	                 0	          0	
  9849592	  12.87159	       -93	          82	            0	                 0	          0	
  9849642	  12.70107	       -93	          89	            0	                 0	          0	
  9849692	  12.97457	       -93	          86	            0	                 0	          0	
  9849742	  13.13373	       -92	          85	            0	                 0	          0	
  9849792	  12.75447	       -93	          88	            0	                 0	          0	
  9849842	  12.80298	       -92	          89	            0	                 0	          0	
  9849892	  12.85707	       -92	          90	            0	                 0	          0	
  9849942	  12.60458	       -93	          90	            0	                 0	          0	
  9849992	   12.5581	       -93	          90	            0	                 0	          0	
  9850042	  12.81952	       -92	          89	            0	                 0	          0	
  9850092	  12.95307	       -92	          89	            0	                 0	          0	
  9850142	  12.77722	       -92	          90	            0	                 0	          0	
  9850192	  12.71028	       -93	          91	            0	                 0	          0	
  9850242	  12.83614	       -94	          93	            0	                 0	          0	
  9850292	  12.61543	       -93	          89	            0	                 0	          0	
  9850342	  12.48802	       -92	          88	            0	                 0	          0	
  9850392	  12.53906	       -93	          92	            0	                 0	          0	
  9850442	  12.73207	       -94	          91	            0	                 0	          0	
  9850492	   12.6455	       -93	          90	            0	                 0	          0	
  9850542	  12.82303	       -91	          91	            0	                 0	          0	
  9850592	  13.10543	       -91	          92	            0	                 0	          0	
  9850642	  12.98962	       -91	          95	            0	                 0	          0	
  9850692	   12.8696	       -92	          92	            0	                 0	          0	
  9850742	  12.91866	       -93	          91	            0	                 0	          0	
  9850792	  12.84509	       -92	          93	            0	                 0	          0	
  9850842	  12.45584	       -91	          92	            0	                 0	          0	
  9850892	  12.65987	       -91	          91	            0	                 0	          0	
  9850942	  12.77396	       -92	          95	            0	                 0	          0	
  9850992	  12.71036	       -92	          91	            0	                 0	          0	
  9851042	  12.59956	       -91	          85	            0	                 0	          0	
  9851092	  12.45348	       -91	          89	            0	                 0	          0	
  9851142	  12.80522	       -91	          91	            0	                 0	          0	
  9851192	   12.7946	       -92	          89	            0	                 0	          0	
  9851242	  12.80206	       -92	          90	            0	                 0	          0	
  9851292	  12.96241	       -93	          88	            0	                 0	          0	
  9851342	  12.85569	       -94	          87	            0	                 0	          0	
  9851392	  12.65084	       -92	          91	            0	                 0	          0	
  9851442	  12.53501	       -91	          92	            0	                 0	          0	
  9851492	  12.51358	       -91	          94	            0	                 0	          0	
  9851542	  12.52717	       -91	          94	            0	                 0	          0	
  9851592	  12.68693	       -91	          92	            0	                 0	          0	
  9851642	  12.71911	       -93	          92	            0	                 0	          0	
  9851692	  12.57796	       -93	          90	            0	                 0	          0	
  9851742	  12.73773	       -91	          92	            0	                 0	          0	
  9851792	  12.88767	       -92	          93	            0	                 0	          0	
  9851842	  12.80866	       -93	          92	            0	                 0	          0	
  9851892	  12.69593	       -92	          91	            0	                 0	          0	
  9851942	  12.74958	       -93	          93	            0	                 0	          0	
  9851992	  12.98063	       -93	          93	            0	                 0	          0	
  9852042	  13.04895	       -91	          92	            0	                 0	          0	
  9852092	  12.66193	       -90	          92	            0	                 0	          0	
  9852142	  12.47826	       -91	          90	            0	                 0	          0	
  9852192	  12.72807	       -92	          88	            0	                 0	          0	
  9852242	  12.87614	       -93	          91	            0	                 0	          0	
  9852292	  13.25031	       -94	          98	            0	                 0	          0	
  9852342	  13.00771	       -93	          96	            0	                 0	          0	
  9852392	  12.80842	       -92	          92	            0	                 0	          0	
  9852442	  13.12214	       -93	          92	            0	                 0	          0	
  9852492	  13.09764	       -94	          93	            0	                 0	          0	
  9852542	  12.65814	       -92	          95	            0	                 0	          0	
  9852592	  12.48049	       -92	          95	            0	                 0	          0	
  9852642	  12.91973	       -94	          94	            0	                 0	          0	
  9852692	  13.16536	       -93	          96	            0	                 0	          0	
  9852742	  12.95844	       -92	          93	            0	                 0	          0	
  9852792	  12.91664	       -93	          91	            0	                 0	          0	
  9852842	  13.23956	       -93	          92	            0	                 0	          0	
  9852892	  13.29363	       -92	          92	            0	                 0	          0	
  9852942	  12.88167	       -92	          93	            0	                 0	          0	
  9852992	  12.82412	       -92	          92	            0	                 0	          0	
  9853042	  12.61029	       -91	          91	            0	                 0	          0	
  9853092	  12.51363	       -91	          94	            0	                 0	          0	
  9853142	  12.66523	       -92	          95	            0	                 0	          0	
  9853192	  12.84209	       -91	          93	            0	                 0	          0	
  9853242	  12.91782	       -92	          92	            0	                 0	          0	
  9853292	  13.04086	       -92	          93	            0	                 0	          0	
  9853342	  13.33771	       -92	          95	            0	                 0	          0	
  9853392	  13.01726	       -93	          91	            0	                 0	          0	
  9853442	  12.64331	       -93	          88	            0	                 0	          0	
  9853492	   12.5839	       -92	          94	            0	                 0	          0	
  9853542	   12.9546	       -92	          96	            0	                 0	          0	
  9853592	  13.06448	       -93	          93	            0	                 0	          0	
  9853642	  12.84003	       -93	          93	            0	                 0	          0	
  9853692	  12.66453	       -91	          95	            0	                 0	          0	
  9853742	  12.59649	       -92	          94	            0	                 0	          0	
  9853792	   12.5954	       -92	          89	            0	                 0	          0	
  9853842	  12.75334	       -93	          91	            0	                 0	          0	
  9853892	  12.86712	       -93	          98	            0	                 0	          0	
  9853942	  12.73322	       -92	          99	            0	                 0	          0	
  9853992	  12.74773	       -93	          94	            0	                 0	          0	
  9854042	  12.84611	       -93	          95	            0	                 0	          0	
  9854092	  12.89102	       -92	          94	            0	                 0	          0	
  9854142	  12.81962	       -91	          88	            0	                 0	          0	
  9854192	  12.82255	       -91	          87	            0	                 0	          0	
  9854242	  12.78244	       -92	          92	            0	                 0	          0	
  9854292	   12.7997	       -91	          95	            0	                 0	          0	
  9854342	  13.04096	       -91	          95	            0	                 0	          0	
  9854392	  13.20532	       -92	          95	            0	                 0	          0	
  9854442	  13.11444	       -93	          97	            0	                 0	          0	
  9854492	  12.90879	       -92	          98	            0	                 0	          0	
  9854542	  12.58177	       -92	          97	            0	                 0	          0	
  9854592	  12.53706	       -92	          91	            0	                 0	          0	
  9854642	  12.77896	       -91	          93	            0	                 0	          0	
  9854692	  12.93412	       -92	          97	            0	                 0	          0	
  9854742	  13.05502	       -92	          96	            0	                 0	          0	
  9854792	  12.85617	       -92	          94	            0	                 0	          0	
  9854842	  12.66239	       -92	          97	            0	                 0	          0	
  9854892	  12.71138	       -91	          99	            0	                 0	          0	
  9854942	  12.79887	       -90	          96	            0	                 0	          0	
  9854992	  12.87144	       -91	          95	            0	                 0	          0	
  9855042	  12.61846	       -92	          94	            0	                 0	          0	
  9855092	  12.76501	       -91	          94	            0	                 0	          0	
  9855142	  13.33434	       -90	          95	            0	                 0	          0	
  9855192	  13.26436	       -92	          92	            0	                 0	          0	
  9855242	  12.83094	       -93	          96	            0	                 0	          0	
  9855292	  12.69075	       -93	          99	            0	                 0	          0	
  9855342	  12.90206	       -92	          94	            0	                 0	          0	
  9855392	  13.09907	       -91	          94	            0	                 0	          0	
  9855442	  12.99671	       -91	          94	            0	                 0	          0	
  9855492	  12.94939	       -91	          94	            0	                 0	          0	
  9855542	  12.81407	       -91	          95	            0	                 0	          0	
  9855592	   12.7711	       -91	          96	            0	                 0	          0	
  9855642	  12.60365	       -93	          94	            0	                 0	          0	
  9855692	  12.43764	       -93	          92	            0	                 0	          0	
  9855742	   12.9906	       -90	          97	            0	                 0	          0	
  9855792	  12.97299	       -91	          97	            0	                 0	          0	
  9855842	  12.67521	       -92	          95	            0	                 0	          0	
  9855892	  12.80909	       -92	          94	            0	                 0	          0	
  9855942	  13.02179	       -92	          96	            0	                 0	          0	
  9855992	  12.99199	       -93	          93	            0	                 0	          0	
  9856042	  12.56387	       -94	          90	            0	                 0	          0	
  9856092	  12.57777	       -92	          95	            0	                 0	          0	
  9856142	  12.77123	       -91	          95	            0	                 0	          0	
  9856192	  12.84363	       -93	          93	            0	                 0	          0	
  9856242	  13.08627	       -93	          96	            0	                 0	          0	
  9856292	  12.98237	       -90	          96	            0	                 0	          0	
  9856342	  12.69277	       -90	          93	            0	                 0	          0	
  9856392	  12.49547	       -93	          94	            0	                 0	          0	
  9856442	  12.69618	       -91	          97	            0	                 0	          0	
  9856492	  12.70912	       -90	          94	            0	                 0	          0	
  9856542	  12.65415	       -91	          89	            0	                 0	          0	
  9856592	  12.75117	       -92	          93	            0	                 0	          0	
  9856642	  12.98836	       -92	         101	            0	                 0	          0	
  9856692	  13.02653	       -91	         101	            0	                 0	          0	
  9856742	  12.55665	       -91	          93	            0	                 0	          0	
  9856792	  12.72886	       -91	          92	            0	                 0	          0	
  9856842	  13.01296	       -91	          91	            0	                 0	          0	
  9856892	  12.90132	       -91	          91	            0	                 0	          0	
  9856942	  13.02339	       -92	          94	            0	                 0	          0	
  9856992	  12.97108	       -93	          97	            0	                 0	          0	
  9857042	  12.51205	       -92	          94	            0	                 0	          0	
  9857092	  12.78871	       -91	          89	            0	                 0	          0	
  9857142	   12.9686	       -91	          93	            0	                 0	          0	
  9857192	  12.57201	       -91	          91	            0	                 0	          0	
  9857242	  12.69618	       -92	          92	            0	                 0	          0	
  9857292	  12.77068	       -93	          93	            0	                 0	          0	
  9857342	  12.75548	       -92	          92	            0	                 0	          0	
  9857392	   12.8258	       -92	          94	            0	                 0	          0	
  9857442	  12.42346	       -93	          93	            0	                 0	          0	
  9857492	  12.38525	       -91	          96	            0	                 0	          0	
  9857542	  13.02816	       -92	         102	            0	                 0	          0	
  9857592	  13.17535	       -94	          99	            0	                 0	          0	
  9857642	  12.93586	       -92	          94	            0	                 0	          0	
  9857692	  12.65617	       -93	          93	            0	                 0	          0	
  9857742	  12.60791	       -93	          95	            0	                 0	          0	
  9857792	  12.69036	       -92	          96	            0	                 0	          0	
  9857842	  12.62595	       -92	          92	            0	                 0	          0	
  9857892	  12.74764	       -91	          92	            0	                 0	          0	
  9857942	  12.73694	       -92	          98	            0	                 0	          0	
  9857992	  12.93846	       -93	         102	            0	                 0	          0	
  9858042	  12.95426	       -92	         100	            0	                 0	          0	
  9858092	  12.57095	       -92	          96	            0	                 0	          0	
  9858142	  12.68535	       -92	          97	            0	                 0	          0	
  9858192	  13.03299	       -92	          98	            0	                 0	          0	
  9858242	  13.13076	       -92	          97	            0	                 0	          0	
  9858292	  12.95349	       -92	          97	            0	                 0	          0	
  9858342	  12.69265	       -92	          96	            0	                 0	          0	
  9858392	  12.90959	       -92	          99	            0	                 0	          0	
  9858442	   13.1883	       -93	          99	            0	                 0	          0	
  9858492	  13.03354	       -93	          97	            0	                 0	          0	
  9858542	   12.8896	       -92	          96	            0	                 0	          0	
  9858592	  12.60132	       -92	          94	            0	                 0	          0	
  9858642	  12.45686	       -93	          95	            0	                 0	          0	
  9858692	  12.89952	       -93	          94	            0	                 0	          0	
  9858742	  12.91156	       -93	          97	            0	                 0	          0	
  9858792	  12.55689	       -92	          94	            0	                 0	          0	
  9858842	  12.58421	       -92	          91	            0	                 0	          0	
  9858892	  12.94721	       -92	          96	            0	                 0	          0	
  9858942	  13.05863	       -92	          99	            0	                 0	          0	
  9858992	   12.7781	       -92	          99	            0	                 0	          0	
  9859042	  12.89211	       -93	          96	            0	                 0	          0	
  9859092	  13.01304	       -92	          95	            0	                 0	          0	
  9859142	  13.05977	       -91	          95	            0	                 0	          0	
  9859192	  12.97299	       -92	          93	            0	                 0	          0	
  9859242	  12.89472	       -92	          93	            0	                 0	          0	
  9859292	  12.97094	       -91	          93	            0	                 0	          0	
  9859342	  12.93125	       -92	          94	            0	                 0	          0	
  9859392	  12.73409	       -92	          95	            0	                 0	          0	
  9859442	  12.86829	       -92	          93	            0	                 0	          0	
  9859492	  13.07077	       -91	          93	            0	                 0	          0	
  9859542	  12.79016	       -92	          95	            0	                 0	          0	
  9859592	  12.87319	       -93	          97	            0	                 0	          0	
  9859642	  13.32422	       -92	          99	            0	                 0	          0	
  9859692	  13.20122	       -93	          98	            0	                 0	          0	
  9859742	  12.98489	       -93	          94	            0	                 0	          0	
  9859792	  13.06499	       -93	          97	            0	                 0	          0	
  9859842	  12.98392	       -92	          97	            0	                 0	          0	
  9859892	  12.99013	       -92	          99	            0	                 0	          0	
  9859942	  13.00417	       -93	          99	            0	                 0	          0	
  9859992	  12.90898	       -93	          94	            0	                 0	          0	
  9860042	  13.11335	       -92	          95	            0	                 0	          0	
  9860092	  13.12814	       -92	          93	            0	                 0	          0	
  9860142	  12.86562	       -91	          95	            0	                 0	          0	
  9860192	  12.94864	       -92	         101	            0	                 0	          0	
  9860242	  12.95957	       -92	          96	            0	                 0	          0	
  9860292	  12.97913	       -91	          93	            0	                 0	          0	
  9860342	  13.01799	       -91	          93	            0	                 0	          0	
  9860392	   13.1657	       -90	          96	            0	                 0	          0	
  9860442	  13.10612	       -91	         101	            0	                 0	          0	
  9860492	  12.98605	       -91	         101	            0	                 0	          0	
  9860542	  13.26255	       -92	         103	            0	                 0	          0	
  9860592	  13.00436	       -91	         101	            0	                 0	          0	
  9860642	  12.96197	       -91	          96	            0	                 0	          0	
  9860692	  12.95971	       -92	          96	            0	                 0	          0	
  9860742	  12.73501	       -91	          99	            0	                 0	          0	
  9860792	  12.95688	       -91	         100	            0	                 0	          0	
  9860842	  12.99087	       -93	          98	            0	                 0	          0	
  9860892	  12.93648	       -94	          97	            0	                 0	          0	
  9860942	  12.87443	       -92	          99	            0	                 0	          0	
  9860992	  12.77224	       -93	          94	            0	                 0	          0	
  9861042	  13.22806	       -92	          93	            0	                 0	          0	
  9861092	  13.33782	       -92	          93	            0	                 0	          0	
  9861142	  12.99628	       -91	          94	            0	                 0	          0	
  9861192	   13.0936	       -90	          99	            0	                 0	          0	
  9861242	  12.90514	       -92	          93	            0	                 0	          0	
  9861292	  12.65435	       -92	          91	            0	                 0	          0	
  9861342	  12.84447	       -91	          98	            0	                 0	          0	
  9861392	  13.16859	       -91	         100	            0	                 0	          0	
  9861442	  13.20091	       -92	          93	            0	                 0	          0	
  9861492	  12.79276	       -92	          93	            0	                 0	          0	
  9861542	  12.57936	       -92	          99	            0	                 0	          0	
  9861592	  12.85176	       -91	          98	            0	                 0	          0	
  9861642	  12.68906	       -93	          96	            0	                 0	          0	
  9861692	  12.47112	       -93	          93	            0	                 0	          0	
  9861742	  12.70756	       -91	          95	            0	                 0	          0	
  9861792	  13.08712	       -91	         100	            0	                 0	          0	
  9861842	  13.09885	       -91	          98	            0	                 0	          0	
  9861892	   13.0224	       -92	          97	            0	                 0	          0	
  9861942	   13.0078	       -91	          95	            0	                 0	          0	
  9861992	  12.88513	       -91	          92	            0	                 0	          0	
  9862042	  13.00431	       -92	          89	            0	                 0	          0	
  9862092	  12.92194	       -92	          91	            0	                 0	          0	
  9862142	  12.75104	       -91	          97	            0	                 0	          0	
  9862192	  12.73969	       -92	          98	            0	                 0	          0	
  9862242	  12.76438	       -91	          98	            0	                 0	          0	
  9862292	  12.99436	       -91	          98	            0	                 0	          0	
  9862342	  13.00191	       -93	          94	            0	                 0	          0	
  9862392	  12.88168	       -93	          95	            0	                 0	          0	
  9862442	   12.6134	       -91	          99	            0	                 0	          0	
  9862492	  12.59963	       -91	          99	            0	                 0	          0	
  9862542	  12.65639	       -92	          98	            0	                 0	          0	
  9862592	   12.8289	       -92	         100	            0	                 0	          0	
  9862642	  13.00175	       -91	          94	            0	                 0	          0	
  9862692	  12.75855	       -91	          93	            0	                 0	          0	
  9862742	  12.79342	       -92	         100	            0	                 0	          0	
  9862792	  12.72528	       -91	         100	            0	                 0	          0	
  9862842	  12.78182	       -92	          93	            0	                 0	          0	
  9862892	  13.22142	       -93	          91	            0	                 0	          0	
  9862942	  12.99137	       -92	          91	            0	                 0	          0	
  9862992	  12.75315	       -91	          95	            0	                 0	          0	
  9863042	  12.87657	       -91	          98	            0	                 0	          0	
  9863092	  12.93185	       -92	          98	            0	                 0	          0	
  9863142	    13.129	       -91	          98	            0	                 0	          0	
  9863192	   12.8148	       -91	          94	            0	                 0	          0	
  9863242	  12.83293	       -92	          96	            0	                 0	          0	
  9863292	  12.88131	       -91	          97	            0	                 0	          0	
  9863342	  12.48761	       -90	          94	            0	                 0	          0	
  9863392	  12.71937	       -92	          92	            0	                 0	          0	
  9863442	  12.86078	       -92	          91	            0	                 0	          0	
  9863492	  12.84431	       -91	          94	            0	                 0	          0	
  9863542	  12.78195	       -91	          95	            0	                 0	          0	
  9863592	  12.71757	       -92	          96	            0	                 0	          0	
  9863642	  12.69427	       -92	          95	            0	                 0	          0	
  9863692	  12.82243	       -92	          92	            0	                 0	          0	
  9863742	  12.91334	       -92	          94	            0	                 0	          0	
  9863792	  12.94909	       -92	          93	            0	                 0	          0	
  9863842	  12.88755	       -91	          93	            0	                 0	          0	
  9863892	  12.80262	       -90	          95	            0	                 0	          0	
  9863942	  12.94625	       -92	          92	            0	                 0	          0	
  9863992	  12.95834	       -92	          90	            0	                 0	          0	
  9864042	  12.96233	       -91	          96	            0	                 0	          0	
  9864092	  13.08823	       -93	          99	            0	                 0	          0	
  9864142	  12.97405	       -93	          96	            0	                 0	          0	
  9864192	  13.05278	       -92	         101	            0	                 0	          0	
  9864242	  13.15531	       -94	         102	            0	                 0	          0	
  9864292	  13.13719	       -93	          98	            0	                 0	          0	
  9864342	  13.07921	       -91	          98	            0	                 0	          0	
  9864392	  12.95122	       -92	         100	            0	                 0	          0	
  9864442	  13.12005	       -92	         100	            0	                 0	          0	
  9864492	  13.04681	       -91	          99	            0	                 0	          0	
  9864542	  12.51769	       -90	          96	            0	                 0	          0	
  9864592	  12.69946	       -91	          96	            0	                 0	          0	
  9864642	  12.88026	       -93	         100	            0	                 0	          0	
  9864692	  13.03098	       -92	         100	            0	                 0	          0	
  9864742	   13.4055	       -91	         100	            0	                 0	          0	
  9864792	  13.13851	       -91	          99	            0	                 0	          0	
  9864842	  12.92344	       -90	          96	            0	                 0	          0	
  9864892	  12.86201	       -91	          97	            0	                 0	          0	
  9864942	  12.89517	       -92	          97	            0	                 0	          0	
  9864992	  12.91892	       -92	          98	            0	                 0	          0	
  9865042	  12.70202	       -92	          98	            0	                 0	          0	
  9865092	  12.77575	       -93	          95	            0	                 0	          0	
  9865142	  13.09563	       -92	          97	            0	                 0	          0	
  9865192	  13.18281	       -92	          98	            0	                 0	          0	
  9865242	  12.92329	       -92	          98	            0	                 0	          0	
  9865292	  12.87216	       -91	          98	            0	                 0	          0	
  9865342	  12.91688	       -92	          97	            0	                 0	          0	
  9865392	  12.94475	       -92	          95	            0	                 0	          0	
  9865442	  12.95708	       -91	          95	            0	                 0	          0	
  9865492	  12.86565	       -92	          94	            0	                 0	          0	
  9865542	  12.80502	       -93	          93	            0	                 0	          0	
  9865592	  12.53343	       -93	          92	            0	                 0	          0	
  9865642	  12.48673	       -93	          94	            0	                 0	          0	
  9865692	   12.7334	       -93	          96	            0	                 0	          0	
  9865742	     12.83	       -93	          95	            0	                 0	          0	
  9865792	  12.80029	       -92	          97	            0	                 0	          0	
  9865842	  12.98767	       -91	          96	            0	                 0	          0	
  9865892	  12.98513	       -91	          96	            0	                 0	          0	
  9865942	  12.54397	       -92	          98	            0	                 0	          0	
  9865992	  12.68307	       -92	          97	            0	                 0	          0	
  9866042	  13.07269	       -90	          96	            0	                 0	          0	
  9866092	  13.15795	       -90	          97	            0	                 0	          0	
  9866142	   13.0188	       -92	          95	            0	                 0	          0	
  9866192	  12.84023	       -93	          94	            0	                 0	          0	
  9866242	  13.01184	       -93	          91	            0	                 0	          0	
  9866292	   13.0322	       -93	          94	            0	                 0	          0	
  9866342	  12.82753	       -91	          96	            0	                 0	          0	
  9866392	  12.72488	       -91	          92	            0	                 0	          0	
  9866442	  12.58006	       -92	          95	            0	                 0	          0	
  9866492	  12.71795	       -92	          98	            0	                 0	          0	
  9866542	  12.71419	       -92	          96	            0	                 0	          0	
  9866592	   12.8084	       -91	          96	            0	                 0	          0	
  9866642	   12.9466	       -90	         102	            0	                 0	          0	
  9866692	   12.9404	       -92	         103	            0	                 0	          0	
  9866742	  13.02154	       -93	          96	            0	                 0	          0	
  9866792	   13.1741	       -93	          95	            0	                 0	          0	
  9866842	  13.40594	       -91	          99	            0	                 0	          0	
  9866892	  12.99999	       -91	         100	            0	                 0	          0	
  9866942	  12.90605	       -92	         102	            0	                 0	          0	
  9866992	  13.09293	       -92	          99	            0	                 0	          0	
  9867042	  13.02959	       -93	          98	            0	                 0	          0	
  9867092	  13.03998	       -94	          98	            0	                 0	          0	
  9867142	  13.02897	       -92	          95	            0	                 0	          0	
  9867192	  12.97896	       -90	          97	            0	                 0	          0	
  9867242	  13.28477	       -91	          99	            0	                 0	          0	
  9867292	  12.98329	       -93	          97	            0	                 0	          0	
  9867342	  12.69981	       -94	          98	            0	                 0	          0	
  9867392	   12.9954	       -93	          97	            0	                 0	          0	
  9867442	  12.85794	       -92	          94	            0	                 0	          0	
  9867492	  12.65722	       -92	          96	            0	                 0	          0	
  9867542	  12.90563	       -93	          97	            0	                 0	          0	
  9867592	  12.73656	       -92	          97	            0	                 0	          0	
  9867642	  12.38787	       -92	          96	            0	                 0	          0	
  9867692	  12.82209	       -92	          97	            0	                 0	          0	
  9867742	  13.16691	       -92	          97	            0	                 0	          0	
  9867792	  12.99923	       -93	          99	            0	                 0	          0	
  9867842	  13.00851	       -91	          97	            0	                 0	          0	
  9867892	  13.31336	       -91	          94	            0	                 0	          0	
  9867942	  13.09366	       -91	          95	            0	                 0	          0	
  9867992	  12.90463	       -91	          93	            0	                 0	          0	
  9868042	  13.04426	       -90	          95	            0	                 0	          0	
  9868092	  13.20891	       -90	         100	            0	                 0	          0	
  9868142	  13.19323	       -91	          97	            0	                 0	          0	
  9868192	  12.98353	       -92	          95	            0	                 0	          0	
  9868242	  12.84929	       -93	          94	            0	                 0	          0	
  9868292	  12.97773	       -93	          97	            0	                 0	          0	
  9868342	  13.14698	       -92	          98	            0	                 0	          0	
  9868392	  12.87307	       -93	          96	            0	                 0	          0	
  9868442	  12.67305	       -93	          96	            0	                 0	          0	
  9868492	  12.89261	       -94	          96	            0	                 0	          0	
  9868542	  13.08419	       -93	          97	            0	                 0	          0	
  9868592	  13.05293	       -93	          93	            0	                 0	          0	
  9868642	  13.01295	       -93	          94	            0	                 0	          0	
  9868692	  12.77354	       -93	          95	            0	                 0	          0	
  9868742	  12.69074	       -92	          98	            0	                 0	          0	
  9868792	  12.89751	       -91	          99	            0	                 0	          0	
  9868842	  13.19045	       -91	         100	            0	                 0	          0	
  9868892	  13.24309	       -93	          98	            0	                 0	          0	
  9868942	  12.91847	       -94	          95	            0	                 0	          0	
  9868992	  13.17256	       -93	          97	            0	                 0	          0	
  9869042	  13.27275	       -93	          98	            0	                 0	          0	
  9869092	  12.86691	       -92	          99	            0	                 0	          0	
  9869142	  12.89692	       -92	          97	            0	                 0	          0	
  9869192	  13.12911	       -93	          93	            0	                 0	          0	
  9869242	  13.00749	       -93	          95	            0	                 0	          0	
  9869292	  12.78052	       -93	          97	            0	                 0	          0	
  9869342	  12.80672	       -93	          95	            0	                 0	          0	
  9869392	  13.12105	       -91	          99	            0	                 0	          0	
  9869442	  13.18714	       -91	          99	            0	                 0	          0	
  9869492	  13.02578	       -93	          98	            0	                 0	          0	
  9869542	  13.07367	       -92	         100	            0	                 0	          0	
  9869592	  13.12424	       -91	          98	            0	                 0	          0	
  9869642	  12.91122	       -92	          94	            0	                 0	          0	
  9869692	  12.74622	       -92	          91	            0	                 0	          0	
  9869742	  13.03843	       -93	          92	            0	                 0	          0	
  9869792	  13.20139	       -93	          95	            0	                 0	          0	
  9869842	  13.22016	       -92	         102	            0	                 0	          0	
  9869892	    13.277	       -91	         102	            0	                 0	          0	
  9869942	   13.0644	       -91	          98	            0	                 0	          0	
  9869992	  13.17797	       -91	         101	            0	                 0	          0	
  9870042	  12.93724	       -91	          99	            0	                 0	          0	
  9870092	   12.4956	       -91	          99	            0	                 0	          0	
  9870142	  12.79792	       -91	         100	            0	                 0	          0	
  9870192	  12.80064	       -91	          92	            0	                 0	          0	
  9870242	  12.79302	       -91	          94	            0	                 0	          0	
  9870292	  12.72934	       -91	          97	            0	                 0	          0	
  9870342	  12.57957	       -91	          96	            0	                 0	          0	
  9870392	  12.91403	       -90	          98	            0	                 0	          0	
  9870442	  13.04422	       -91	          98	            0	                 0	          0	
  9870492	  12.94671	       -91	          99	            0	                 0	          0	
  9870542	  12.96056	       -91	          99	            0	                 0	          0	
  9870592	  13.05553	       -92	          98	            0	                 0	          0	
  9870642	  13.15713	       -92	          95	            0	                 0	          0	
  9870692	  12.86728	       -93	          93	            0	                 0	          0	
  9870742	  12.52456	       -94	          96	            0	                 0	          0	
  9870792	  12.70799	       -93	          97	            0	                 0	          0	
  9870842	  12.86669	       -92	          96	            0	                 0	          0	
  9870892	  12.92869	       -93	          94	            0	                 0	          0	
  9870942	  12.78377	       -92	          93	            0	                 0	          0	
  9870992	  12.58157	       -92	          95	            0	                 0	          0	
  9871042	  12.67863	       -92	          94	            0	                 0	          0	
  9871092	  12.51216	       -93	          95	            0	                 0	          0	
  9871142	  12.63948	       -91	          98	            0	                 0	          0	
  9871192	  13.30339	       -91	         101	            0	                 0	          0	
  9871242	  13.05817	       -92	          97	            0	                 0	          0	
  9871292	  12.83996	       -92	          93	            0	                 0	          0	
  9871342	  12.92708	       -92	          95	            0	                 0	          0	
  9871392	  12.65043	       -92	          94	            0	                 0	          0	
  9871442	  12.70923	       -93	          96	            0	                 0	          0	
  9871492	  12.89036	       -93	          98	            0	                 0	          0	
  9871542	  12.82545	       -92	          99	            0	                 0	          0	
  9871592	  12.70456	       -92	          98	            0	                 0	          0	
  9871642	  12.81615	       -93	          91	            0	                 0	          0	
  9871692	  13.05123	       -94	          90	            0	                 0	          0	
  9871742	  13.05337	       -93	          87	            0	                 0	          0	
  9871792	  12.86874	       -93	          93	            0	                 0	          0	
  9871842	  12.88919	       -93	          95	            0	                 0	          0	
  9871892	  12.94821	       -92	          90	            0	                 0	          0	
  9871942	  13.01305	       -93	          96	            0	                 0	          0	
  9871992	  13.03262	       -93	          99	            0	                 0	          0	
  9872042	  12.96051	       -92	          97	            0	                 0	          0	
  9872092	  12.98462	       -93	          97	            0	                 0	          0	
  9872142	  12.92546	       -94	          96	            0	                 0	          0	
  9872192	  12.95904	       -93	          97	            0	                 0	          0	
  9872242	  12.79922	       -91	          98	            0	                 0	          0	
  9872292	  12.91461	       -91	         101	            0	                 0	          0	
  9872342	  12.86172	       -92	          98	            0	                 0	          0	
  9872392	  12.86405	       -91	          92	            0	                 0	          0	
  9872442	  13.01908	       -91	          93	            0	                 0	          0	
  9872492	  13.11337	       -92	          97	            0	                 0	          0	
  9872542	   13.0911	       -93	         100	            0	                 0	          0	
  9872592	  12.71845	       -91	          97	            0	                 0	          0	
  9872642	  12.51701	       -93	          94	            0	                 0	          0	
  9872692	  12.67908	       -93	          96	            0	                 0	          0	
  9872742	  12.88746	       -92	          96	            0	                 0	          0	
  9872792	  12.81141	       -91	          98	            0	                 0	          0	
  9872842	  12.98639	       -93	         100	            0	                 0	          0	
  9872892	  13.36096	       -94	         101	            0	                 0	          0	
  9872942	  13.17574	       -92	         101	            0	                 0	          0	
  9872992	  12.67595	       -92	          95	            0	                 0	          0	
  9873042	  12.57562	       -92	          89	            0	                 0	          0	
  9873092	  12.78055	       -92	          92	            0	                 0	          0	
  9873142	   12.9631	       -91	          98	            0	                 0	          0	
  9873192	  12.72107	       -91	          97	            0	                 0	          0	
  9873242	   12.5232	       -92	          95	            0	                 0	          0	
  9873292	  12.72975	       -91	          95	            0	                 0	          0	
  9873342	  12.98681	       -92	          96	            0	                 0	          0	
  9873392	  13.06307	       -93	          98	            0	                 0	          0	
  9873442	  13.12451	       -92	          98	            0	                 0	          0	
  9873492	  13.14067	       -92	          99	            0	                 0	          0	
  9873542	  13.20762	       -92	          99	            0	                 0	          0	
  9873592	  13.07968	       -92	         100	            0	                 0	          0	
  9873642	  12.84275	       -92	         100	            0	                 0	          0	
  9873692	  12.82137	       -92	          95	            0	                 0	          0	
  9873742	  13.05038	       -92	          96	            0	                 0	          0	
  9873792	  13.15733	       -93	          99	            0	                 0	          0	
  9873842	  12.99659	       -93	          95	            0	                 0	          0	
  9873892	  12.83914	       -92	          93	            0	                 0	          0	
  9873942	  12.90733	       -92	          96	            0	                 0	          0	
  9873992	   13.0628	       -93	          98	            0	                 0	          0	
  9874042	  13.06182	       -93	          96	            0	                 0	          0	
  9874092	  12.86278	       -92	          94	            0	                 0	          0	
  9874142	  12.67412	       -92	          94	            0	                 0	          0	
  9874192	  12.56003	       -92	          94	            0	                 0	          0	
  9874242	  12.74421	       -92	          97	            0	                 0	          0	
  9874292	  13.09029	       -93	          93	            0	                 0	          0	
  9874342	     13.03	       -92	          91	            0	                 0	          0	
  9874392	  12.85262	       -91	          93	            0	                 0	          0	
  9874442	  12.94806	       -92	          92	            0	                 0	          0	
  9874492	  12.94068	       -94	          93	            0	                 0	          0	
  9874542	  12.84172	       -94	          97	            0	                 0	          0	
  9874592	  13.09899	       -92	         100	            0	                 0	          0	
  9874642	  13.06182	       -91	          99	            0	                 0	          0	
  9874692	  12.99277	       -93	          98	            0	                 0	          0	
  9874742	  13.16691	       -94	          99	            0	                 0	          0	
  9874792	  12.76265	       -94	          95	            0	                 0	          0	
  9874842	  12.79388	       -92	          95	            0	                 0	          0	
  9874892	  13.17171	       -92	          97	            0	                 0	          0	
  9874942	  12.84859	       -92	          94	            0	                 0	          0	
  9874992	  12.82635	       -92	          98	            0	                 0	          0	
  9875042	  13.12645	       -93	         102	            0	                 0	          0	
  9875092	  13.02734	       -92	          98	            0	                 0	          0	
  9875142	  12.88877	       -91	          93	            0	                 0	          0	
  9875192	  12.82617	       -92	          93	            0	                 0	          0	
  9875242	  12.81604	       -92	          91	            0	                 0	          0	
  9875292	  12.77255	       -92	          93	            0	                 0	          0	
  9875342	  13.11323	       -93	          95	            0	                 0	          0	
  9875392	  13.38983	       -92	          98	            0	                 0	          0	
  9875442	  13.10485	       -91	          96	            0	                 0	          0	
  9875492	  13.04332	       -92	          93	            0	                 0	          0	
  9875542	  12.96192	       -92	          99	            0	                 0	          0	
  9875592	  13.18939	       -91	         103	            0	                 0	          0	
  9875642	  13.51741	       -92	         104	            0	                 0	          0	
  9875692	  13.02018	       -92	         102	            0	                 0	          0	
  9875742	  12.75147	       -92	          97	            0	                 0	          0	
  9875792	  12.83873	       -92	          98	            0	                 0	          0	
  9875842	  13.13776	       -93	         102	            0	                 0	          0	
  9875892	  13.22123	       -93	         101	            0	                 0	          0	
  9875942	  12.92608	       -92	         100	            0	                 0	          0	
  9875992	  12.80567	       -93	          98	            0	                 0	          0	
  9876042	  13.03926	       -92	          98	            0	                 0	          0	
  9876092	  13.30707	       -91	         100	            0	                 0	          0	
  9876142	  13.28955	       -91	         100	            0	                 0	          0	
  9876192	  13.28838	       -91	         101	            0	                 0	          0	
  9876242	  13.34201	       -93	         100	            0	                 0	          0	
  9876292	  13.11881	       -94	          97	            0	                 0	          0	
  9876342	  12.77231	       -92	          96	            0	                 0	          0	
  9876392	  12.82539	       -93	          94	            0	                 0	          0	
  9876442	  12.88109	       -93	          97	            0	                 0	          0	
  9876492	   13.1289	       -92	         100	            0	                 0	          0	
  9876542	  13.16055	       -91	          99	            0	                 0	          0	
  9876592	  13.05856	       -92	          97	            0	                 0	          0	
  9876642	  13.23858	       -93	          99	            0	                 0	          0	
  9876692	   13.2115	       -93	         103	            0	                 0	          0	
  9876742	  12.75203	       -93	          98	            0	                 0	          0	
  9876792	  12.95406	       -93	          97	            0	                 0	          0	
  9876842	  13.02393	       -92	          99	            0	                 0	          0	
  9876892	  12.74133	       -93	          95	            0	                 0	          0	
  9876942	  13.07888	       -93	          96	            0	                 0	          0	
  9876992	  13.27864	       -93	          97	            0	                 0	          0	
  9877042	  12.76631	       -93	          98	            0	                 0	          0	
  9877092	  12.40154	       -93	          99	            0	                 0	          0	
  9877142	  12.60686	       -93	          98	            0	                 0	          0	
  9877192	  13.04239	       -91	          98	            0	                 0	          0	
  9877242	  13.14774	       -91	         100	            0	                 0	          0	
  9877292	   12.7714	       -92	         101	            0	                 0	          0	
  9877342	  12.92953	       -92	          98	            0	                 0	          0	
  9877392	  13.33646	       -92	          98	            0	                 0	          0	
  9877442	  13.41383	       -92	         101	            0	                 0	          0	
  9877492	  13.42646	       -91	          99	            0	                 0	          0	
  9877542	  13.32056	       -92	          97	            0	                 0	          0	
  9877592	  13.06207	       -92	          95	            0	                 0	          0	
  9877642	  12.93855	       -92	          96	            0	                 0	          0	
  9877692	  13.21583	       -92	         100	            0	                 0	          0	
  9877742	  13.12095	       -93	          95	            0	                 0	          0	
  9877792	  12.85267	       -93	          92	            0	                 0	          0	
  9877842	  12.80882	       -93	          98	            0	                 0	          0	
  9877892	  12.78858	       -92	          98	            0	                 0	          0	
  9877942	  12.87241	       -92	          95	            0	                 0	          0	
  9877992	  12.87069	       -91	          95	            0	                 0	          0	
  9878042	  13.08235	       -91	          96	            0	                 0	          0	
  9878092	  13.20848	       -91	          98	            0	                 0	          0	
  9878142	  13.11311	       -91	          97	            0	                 0	          0	
  9878192	  12.92928	       -93	          94	            0	                 0	          0	
  9878242	    13.066	       -93	          94	            0	                 0	          0	
  9878292	  13.06286	       -92	          98	            0	                 0	          0	
  9878342	  12.71418	       -92	          96	            0	                 0	          0	
  9878392	  12.96601	       -93	          96	            0	                 0	          0	
  9878442	   12.9879	       -91	          96	            0	                 0	          0	
  9878492	  12.97972	       -92	          93	            0	                 0	          0	
  9878542	  12.94603	       -93	          95	            0	                 0	          0	
  9878592	  12.87954	       -93	          98	            0	                 0	          0	
  9878642	  12.93118	       -92	          98	            0	                 0	          0	
  9878692	  12.84944	       -92	          96	            0	                 0	          0	
  9878742	   13.0029	       -92	          98	            0	                 0	          0	
  9878792	  13.24271	       -92	         101	            0	                 0	          0	
  9878842	  13.17888	       -92	          99	            0	                 0	          0	
  9878892	  12.77024	       -92	          98	            0	                 0	          0	
  9878942	   12.5948	       -91	          99	            0	                 0	          0	
  9878992	  12.89679	       -91	         102	            0	                 0	          0	
  9879042	  12.75646	       -91	          99	            0	                 0	          0	
  9879092	  12.68579	       -90	          97	            0	                 0	          0	
  9879142	  12.91013	       -91	          97	            0	                 0	          0	
  9879192	  13.26701	       -93	          98	            0	                 0	          0	
  9879242	  13.12062	       -93	         100	            0	                 0	          0	
  9879292	  12.80548	       -93	          96	            0	                 0	          0	
  9879342	  12.73813	       -92	          93	            0	                 0	          0	
  9879392	  13.16935	       -91	          99	            0	                 0	          0	
  9879442	  13.46515	       -91	          99	            0	                 0	          0	
  9879492	  13.17387	       -93	          96	            0	                 0	          0	
  9879542	  12.91534	       -93	          99	            0	                 0	          0	
  9879592	  12.93055	       -92	          99	            0	                 0	          0	
  9879642	  13.13755	       -92	          98	            0	                 0	          0	
  9879692	  13.15323	       -92	         101	            0	                 0	          0	
  9879742	  13.02594	       -93	          99	            0	                 0	          0	
  9879792	  13.03765	       -93	          98	            0	                 0	          0	
  9879842	  12.92827	       -92	          98	            0	                 0	          0	
  9879892	  12.99875	       -91	          96	            0	                 0	          0	
  9879942	  13.36257	       -90	         101	            0	                 0	          0	
  9879992	  13.16327	       -92	         101	            0	                 0	          0	
  9880042	  12.98285	       -92	          97	            0	                 0	          0	
  9880092	  12.74783	       -93	          97	            0	                 0	          0	
  9880142	  12.83969	       -94	          95	            0	                 0	          0	
  9880192	  13.05606	       -93	          96	            0	                 0	          0	
  9880242	  13.26447	       -92	          98	            0	                 0	          0	
  9880292	   13.3779	       -92	          99	            0	                 0	          0	
  9880342	  13.17001	       -92	          99	            0	                 0	          0	
  9880392	  13.10059	       -93	         101	            0	                 0	          0	
  9880442	  12.98904	       -92	         101	            0	                 0	          0	
  9880492	  13.01412	       -92	          97	            0	                 0	          0	
  9880542	  12.96271	       -93	          99	            0	                 0	          0	
  9880592	  13.04604	       -92	         100	            0	                 0	          0	
  9880642	   13.0583	       -91	          97	            0	                 0	          0	
  9880692	  13.05533	       -91	          98	            0	                 0	          0	
  9880742	   13.2576	       -92	          98	            0	                 0	          0	
  9880792	  13.09706	       -93	          98	            0	                 0	          0	
  9880842	  12.86974	       -93	          97	            0	                 0	          0	
  9880892	  12.87596	       -93	          95	            0	                 0	          0	
  9880942	  13.03416	       -91	          96	            0	                 0	          0	
  9880992	  13.11832	       -91	          98	            0	                 0	          0	
  9881042	  13.04727	       -92	          97	            0	                 0	          0	
  9881092	  13.02981	       -92	          94	            0	                 0	          0	
  9881142	  13.16756	       -91	          98	            0	                 0	          0	
  9881192	  13.20379	       -92	          99	            0	                 0	          0	
  9881242	  13.01675	       -93	          99	            0	                 0	          0	
  9881292	  12.86758	       -94	         100	            0	                 0	          0	
  9881342	  13.10627	       -93	          99	            0	                 0	          0	
  9881392	  13.25204	       -92	          98	            0	                 0	          0	
  9881442	   13.0612	       -92	          99	            0	                 0	          0	
  9881492	  13.08187	       -93	          99	            0	                 0	          0	
  9881542	  13.04076	       -93	          96	            0	                 0	          0	
  9881592	  13.06532	       -92	          97	            0	                 0	          0	
  9881642	  13.07888	       -94	         100	            0	                 0	          0	
  9881692	  12.93808	       -94	          98	            0	                 0	          0	
  9881742	  12.95231	       -91	          95	            0	                 0	          0	
  9881792	  12.88166	       -91	          95	            0	                 0	          0	
  9881842	  12.98831	       -92	          98	            0	                 0	          0	
  9881892	  13.09295	       -93	          99	            0	                 0	          0	
  9881942	  12.77928	       -93	          95	            0	                 0	          0	
  9881992	  12.73274	       -94	          95	            0	                 0	          0	
  9882042	  13.08487	       -93	          96	            0	                 0	          0	
  9882092	  13.25066	       -92	         100	            0	                 0	          0	
  9882142	  13.02022	       -92	         100	            0	                 0	          0	
  9882192	  13.14955	       -91	          99	            0	                 0	          0	
  9882242	  12.95303	       -93	          99	            0	                 0	          0	
  9882292	  12.73263	       -93	          99	            0	                 0	          0	
  9882342	  12.93341	       -92	          99	            0	                 0	          0	
  9882392	  12.78296	       -94	          96	            0	                 0	          0	
  9882442	  12.89341	       -93	          97	            0	                 0	          0	
  9882492	  13.04164	       -93	          97	            0	                 0	          0	
  9882542	  12.97461	       -93	          95	            0	                 0	          0	
  9882592	  12.82826	       -91	          94	            0	                 0	          0	
  9882642	  12.78794	       -92	          93	            0	                 0	          0	
  9882692	  13.15996	       -92	          97	            0	                 0	          0	
  9882742	  13.29297	       -92	          99	            0	                 0	          0	
  9882792	  12.95657	       -92	          95	            0	                 0	          0	
  9882842	  12.92197	       -93	          94	            0	                 0	          0	
  9882892	  13.01929	       -93	          97	            0	                 0	          0	
  9882942	  12.70479	       -93	          98	            0	                 0	          0	
  9882992	   12.6131	       -94	          98	            0	                 0	          0	
  9883042	  12.94369	       -93	          98	            0	                 0	          0	
  9883092	   13.2573	       -93	          97	            0	                 0	          0	
  9883142	  13.48366	       -93	         101	            0	                 0	          0	
  9883192	  13.44931	       -92	         100	            0	                 0	          0	
  9883242	  13.32151	       -92	          92	            0	                 0	          0	
  9883292	  13.27087	       -93	          94	            0	                 0	          0	
  9883342	  13.23498	       -94	          98	            0	                 0	          0	
  9883392	  13.02816	       -92	          97	            0	                 0	          0	
  9883442	  13.14028	       -91	          95	            0	                 0	          0	
  9883492	  13.07281	       -93	          97	            0	                 0	          0	
  9883542	   12.9416	       -92	         101	            0	                 0	          0	
  9883592	  13.35267	       -91	         100	            0	                 0	          0	
  9883642	  13.47506	       -91	          99	            0	                 0	          0	
  9883692	  13.00515	       -93	          99	            0	                 0	          0	
  9883742	  12.95685	       -92	         101	            0	                 0	          0	
  9883792	   12.9017	       -93	         102	            0	                 0	          0	
  9883842	  12.78456	       -92	          99	            0	                 0	          0	
  9883892	  13.19469	       -91	         101	            0	                 0	          0	
  9883942	  13.28256	       -92	         101	            0	                 0	          0	
  9883992	  12.95904	       -92	          97	            0	                 0	          0	
  9884042	  13.11327	       -91	          99	            0	                 0	          0	
  9884092	   12.9836	       -90	         100	            0	                 0	          0	
  9884142	  12.62011	       -90	          97	            0	                 0	          0	
  9884192	  12.92741	       -92	          98	            0	                 0	          0	
  9884242	  13.15709	       -94	          99	            0	                 0	          0	
  9884292	  12.86978	       -94	          97	            0	                 0	          0	
  9884342	  12.73718	       -92	          99	            0	                 0	          0	
  9884392	  12.73177	       -91	          96	            0	                 0	          0	
  9884442	  13.04752	       -92	          93	            0	                 0	          0	
  9884492	  13.15242	       -92	          97	            0	                 0	          0	
  9884542	  12.79019	       -92	          99	            0	                 0	          0	
  9884592	  12.78937	       -93	          99	            0	                 0	          0	
  9884642	  13.23155	       -94	         102	            0	                 0	          0	
  9884692	  13.24023	       -92	         100	            0	                 0	          0	
  9884742	  12.99674	       -93	          96	            0	                 0	          0	
  9884792	  13.03823	       -93	          99	            0	                 0	          0	
  9884842	  13.15665	       -92	         100	            0	                 0	          0	
  9884892	   13.1328	       -92	         100	            0	                 0	          0	
  9884942	  12.89076	       -93	          97	            0	                 0	          0	
  9884992	  13.07801	       -93	          98	            0	                 0	          0	
  9885042	  13.13031	       -92	          98	            0	                 0	          0	
  9885092	  12.95965	       -91	          97	            0	                 0	          0	
  9885142	  13.06167	       -90	          96	            0	                 0	          0	
  9885192	  12.98763	       -92	          95	            0	                 0	          0	
  9885242	  12.89958	       -93	          95	            0	                 0	          0	
  9885292	  13.16993	       -92	          97	            0	                 0	          0	
  9885342	  13.01859	       -92	          98	            0	                 0	          0	
  9885392	  12.58399	       -93	          95	            0	                 0	          0	
  9885442	  12.73615	       -93	          93	            0	                 0	          0	
  9885492	  13.07186	       -93	          93	            0	                 0	          0	
  9885542	  12.89446	       -93	          98	            0	                 0	          0	
  9885592	   13.0168	       -93	         101	            0	                 0	          0	
  9885642	  13.26024	       -92	         101	            0	                 0	          0	
  9885692	   13.1808	       -91	         102	            0	                 0	          0	
  9885742	  12.97203	       -92	          98	            0	                 0	          0	
  9885792	   12.7007	       -93	          95	            0	                 0	          0	
  9885842	  12.86792	       -92	          94	            0	                 0	          0	
  9885892	  13.02266	       -93	          95	            0	                 0	          0	
  9885942	  12.93573	       -93	          97	            0	                 0	          0	
  9885992	  12.80861	       -93	          99	            0	                 0	          0	
  9886042	  12.92774	       -92	         101	            0	                 0	          0	
  9886092	  12.98438	       -93	         100	            0	                 0	          0	
  9886142	  12.97566	       -93	          96	            0	                 0	          0	
  9886192	  12.85976	       -92	          93	            0	                 0	          0	
  9886242	  12.71734	       -92	          98	            0	                 0	          0	
  9886292	  13.00929	       -92	         101	            0	                 0	          0	
  9886342	  13.16618	       -92	          99	            0	                 0	          0	
  9886392	  13.07954	       -92	          99	            0	                 0	          0	
  9886442	  12.97917	       -94	          94	            0	                 0	          0	
  9886492	   13.0117	       -93	          96	            0	                 0	          0	
  9886542	  13.15452	       -93	          99	            0	                 0	          0	
  9886592	  13.06053	       -94	          97	            0	                 0	          0	
  9886642	  12.95104	       -93	         100	            0	                 0	          0	
  9886692	   13.2198	       -93	          99	            0	                 0	          0	
  9886742	  13.32525	       -93	          94	            0	                 0	          0	
  9886792	  12.91259	       -94	          94	            0	                 0	          0	
  9886842	  12.64784	       -95	          97	            0	                 0	          0	
  9886892	  12.70452	       -95	          99	            0	                 0	          0	
  9886942	  12.76474	       -95	          98	            0	                 0	          0	
  9886992	  13.05081	       -93	          99	            0	                 0	          0	
  9887042	  13.32693	       -93	         104	            0	                 0	          0	
  9887092	  13.51986	       -93	         105	            0	                 0	          0	
  9887142	   13.2014	       -93	         100	            0	                 0	          0	
  9887192	  12.92248	       -93	          97	            0	                 0	          0	
  9887242	  13.10562	       -92	         100	            0	                 0	          0	
  9887292	  12.97718	       -93	          99	            0	                 0	          0	
  9887342	  12.82568	       -93	          97	            0	                 0	          0	
  9887392	  12.98783	       -93	          98	            0	                 0	          0	
  9887442	  13.06706	       -93	          95	            0	                 0	          0	
  9887492	  13.09954	       -93	          97	            0	                 0	          0	
  9887542	  13.07353	       -93	          99	            0	                 0	          0	
  9887592	  12.97346	       -92	          94	            0	                 0	          0	
  9887642	  12.93864	       -93	          96	            0	                 0	          0	
  9887692	  12.94048	       -93	         100	            0	                 0	          0	
  9887742	  13.00579	       -94	          96	            0	                 0	          0	
  9887792	  12.93597	       -93	          96	            0	                 0	          0	
  9887842	   12.7997	       -92	          95	            0	                 0	          0	
  9887892	  13.03331	       -93	          96	            0	                 0	          0	
  9887942	  13.23765	       -93	          98	            0	                 0	          0	
  9887992	  13.11151	       -92	          92	            0	                 0	          0	
  9888042	  13.03884	       -93	          90	            0	                 0	          0	
  9888092	  12.80588	       -93	          93	            0	                 0	          0	
  9888142	  12.85506	       -92	          98	            0	                 0	          0	
  9888192	  12.99474	       -93	          97	            0	                 0	          0	
  9888242	   13.1172	       -93	          95	            0	                 0	          0	
  9888292	  13.10421	       -93	          98	            0	                 0	          0	
  9888342	  13.05237	       -93	         104	            0	                 0	          0	
  9888392	  13.32788	       -93	         103	            0	                 0	          0	
  9888442	  13.46543	       -93	          97	            0	                 0	          0	
  9888492	   13.1718	       -93	          97	            0	                 0	          0	
  9888542	  12.90455	       -94	          96	            0	                 0	          0	
  9888592	   13.0191	       -94	          93	            0	                 0	          0	
  9888642	  13.21476	       -93	          96	            0	                 0	          0	
  9888692	  13.28526	       -94	          98	            0	                 0	          0	
  9888742	  13.06856	       -93	          97	            0	                 0	          0	
  9888792	  12.88795	       -92	          97	            0	                 0	          0	
  9888842	  13.15022	       -93	          95	            0	                 0	          0	
  9888892	   13.0515	       -93	          95	            0	                 0	          0	
  9888942	  12.67682	       -92	          95	            0	                 0	          0	
  9888992	   12.7442	       -91	          95	            0	                 0	          0	
  9889042	  12.79682	       -92	          97	            0	                 0	          0	
  9889092	  13.07235	       -93	          99	            0	                 0	          0	
  9889142	  13.10037	       -93	          97	            0	                 0	          0	
  9889192	  12.99972	       -92	          98	            0	                 0	          0	
  9889242	  13.15255	       -92	         100	            0	                 0	          0	
  9889292	  13.26624	       -93	          97	            0	                 0	          0	
  9889342	  13.14905	       -92	          97	            0	                 0	          0	
  9889392	   13.0227	       -91	          99	            0	                 0	          0	
  9889442	  13.25187	       -92	          99	            0	                 0	          0	
  9889492	  13.25647	       -91	          94	            0	                 0	          0	
  9889542	  13.21844	       -92	          93	            0	                 0	          0	
  9889592	  13.10002	       -93	          97	            0	                 0	          0	
  9889642	   13.1294	       -93	          99	            0	                 0	          0	
  9889692	  13.29922	       -94	         101	            0	                 0	          0	
  9889742	  13.03877	       -93	         102	            0	                 0	          0	
  9889792	  12.66509	       -92	          98	            0	                 0	          0	
  9889842	   12.4073	       -93	          94	            0	                 0	          0	
  9889892	  12.74109	       -93	          93	            0	                 0	          0	
  9889942	   12.9935	       -92	          96	            0	                 0	          0	
  9889992	  12.93083	       -91	          99	            0	                 0	          0	
  9890042	  12.79702	       -92	          98	            0	                 0	          0	
  9890092	  13.06158	       -92	          96	            0	                 0	          0	
  9890142	  13.22384	       -93	          98	            0	                 0	          0	
  9890192	  12.99657	       -93	          97	            0	                 0	          0	
  9890242	  12.95941	       -94	          93	            0	                 0	          0	
  9890292	     12.88	       -93	          96	            0	                 0	          0	
  9890342	  12.98383	       -93	          99	            0	                 0	          0	
  9890392	  12.90849	       -93	          98	            0	                 0	          0	
  9890442	   12.9827	       -93	          98	            0	                 0	          0	
  9890492	  13.26503	       -92	          98	            0	                 0	          0	
  9890542	  13.16846	       -93	          97	            0	                 0	          0	
  9890592	  13.07023	       -93	          99	            0	                 0	          0	
  9890642	  13.36221	       -92	         101	            0	                 0	          0	
  9890692	  13.09206	       -94	          93	            0	                 0	          0	
  9890742	  12.93652	       -93	          90	            0	                 0	          0	
  9890792	  12.93461	       -92	          93	            0	                 0	          0	
  9890842	  12.75864	       -93	          94	            0	                 0	          0	
  9890892	  12.81523	       -93	          94	            0	                 0	          0	
  9890942	  13.06669	       -94	          95	            0	                 0	          0	
  9890992	  12.93331	       -92	          97	            0	                 0	          0	
  9891042	  12.85408	       -91	          97	            0	                 0	          0	
  9891092	   12.9781	       -92	          98	            0	                 0	          0	
  9891142	  13.17906	       -92	          98	            0	                 0	          0	
  9891192	  12.96158	       -92	          95	            0	                 0	          0	
  9891242	  12.52089	       -92	          94	            0	                 0	          0	
  9891292	  12.56838	       -93	          94	            0	                 0	          0	
  9891342	  12.66119	       -94	          92	            0	                 0	          0	
  9891392	  12.99017	       -93	          88	            0	                 0	          0	
  9891442	  13.10851	       -92	          91	            0	                 0	          0	
  9891492	  12.94994	       -92	          95	            0	                 0	          0	
  9891542	  12.85418	       -91	          91	            0	                 0	          0	
  9891592	  12.92756	       -91	          90	            0	                 0	          0	
  9891642	  12.86289	       -91	          96	            0	                 0	          0	
  9891692	  12.75224	       -90	          94	            0	                 0	          0	
  9891742	  12.83237	       -90	          89	            0	                 0	          0	
  9891792	  12.83896	       -89	          89	            0	                 0	          0	
  9891842	  12.76386	       -90	          92	            0	                 0	          0	
  9891892	  12.63289	       -91	          94	            0	                 0	          0	
  9891942	  12.61273	       -90	          92	            0	                 0	          0	
  9891992	  12.77994	       -90	          90	            0	                 0	          0	
  9892042	  12.77487	       -91	          93	            0	                 0	          0	
  9892092	  12.47476	       -91	          96	            0	                 0	          0	
  9892142	   12.6518	       -91	          96	            0	                 0	          0	
  9892192	  12.75063	       -91	          94	            0	                 0	          0	
  9892242	  12.58733	       -90	          93	            0	                 0	          0	
  9892292	  12.83419	       -91	          94	            0	                 0	          0	
  9892342	  12.82853	       -91	          93	            0	                 0	          0	
  9892392	  12.86321	       -90	          94	            0	                 0	          0	
  9892442	  13.09842	       -90	          96	            0	                 0	          0	
  9892492	  12.81818	       -91	          97	            0	                 0	          0	
  9892542	  12.46347	       -93	          97	            0	                 0	          0	
  9892592	  12.41497	       -92	          95	            0	                 0	          0	
  9892642	  12.72139	       -91	          96	            0	                 0	          0	
  9892692	  12.82447	       -91	          91	            0	                 0	          0	
  9892742	  12.59081	       -91	          87	            0	                 0	          0	
  9892792	  12.42135	       -91	          92	            0	                 0	          0	
  9892842	  12.60572	       -92	          92	            0	                 0	          0	
  9892892	    12.661	       -91	          92	            0	                 0	          0	
  9892942	  12.48803	       -92	          89	            0	                 0	          0	
  9892992	   12.6171	       -92	          88	            0	                 0	          0	
  9893042	    12.751	       -92	          93	            0	                 0	          0	
  9893092	  12.59288	       -92	          97	            0	                 0	          0	
  9893142	  12.47029	       -92	          94	            0	                 0	          0	
  9893192	  12.66081	       -91	          95	            0	                 0	          0	
