TimeStamp	ForceValue	AxialAngle	LateralAngle	MetalSeverity	InAccurateSeverity	NeedZeroing	
 10115492	  22.82597	       -83	         119	            0	                 0	          0	
 10115542	  22.40429	       -83	         118	            0	                 0	          0	
 10115592	  22.12926	       -84	         117	            0	                 0	          0	
 10115642	  22.45709	       -84	         117	            0	                 0	          0	
 10115692	  23.02956	       -84	         118	            0	                 0	          0	
 10115742	   22.9225	       -84	         118	            0	                 0	          0	
 10115792	  22.80679	       -84	         119	            0	                 0	          0	
 10115842	  22.67143	       -84	         120	            0	                 0	          0	
 10115892	  22.63782	       -85	         119	            0	                 0	          0	
 10115942	  22.95502	       -85	         121	            0	                 0	          0	
 10115992	    23.278	       -84	         121	            0	                 0	          0	
 10116042	  23.28702	       -84	         121	            0	                 0	          0	
 10116092	  22.96148	       -84	         121	            0	                 0	          0	
 10116142	  22.79431	       -83	         119	            0	                 0	          0	
 10116192	  22.54592	       -84	         118	            0	                 0	          0	
 10116242	  22.56766	       -84	         119	            0	                 0	          0	
 10116292	  22.89368	       -84	         119	            0	                 0	          0	
 10116342	  22.91444	       -84	         119	            0	                 0	          0	
 10116392	  22.19332	       -85	         117	            0	                 0	          0	
 10116442	  21.81852	       -84	         115	            0	                 0	          0	
 10116492	  21.99469	       -84	         116	            0	                 0	          0	
 10116542	  22.36574	       -83	         117	            0	                 0	          0	
 10116592	  22.95758	       -84	         119	            0	                 0	          0	
 10116642	  23.10733	       -84	         119	            0	                 0	          0	
 10116692	  22.82764	       -84	         119	            0	                 0	          0	
 10116742	  22.54107	       -84	         118	            0	                 0	          0	
 10116792	   22.7321	       -84	         118	            0	                 0	          0	
 10116842	  22.88547	       -84	         119	            0	                 0	          0	
 10116892	  22.44535	       -83	         119	            0	                 0	          0	
 10116942	  22.15977	       -84	         119	            0	                 0	          0	
 10116992	   22.4405	       -84	         118	            0	                 0	          0	
 10117042	  22.70658	       -84	         119	            0	                 0	          0	
 10117092	  22.82139	       -85	         119	            0	                 0	          0	
 10117142	  22.94568	       -85	         119	            0	                 0	          0	
 10117192	  22.21952	       -84	         115	            0	                 0	          0	
 10117242	  22.09134	       -84	         115	            0	                 0	          0	
 10117292	  22.05651	       -85	         117	            0	                 0	          0	
 10117342	  22.20972	       -85	         117	            0	                 0	          0	
 10117392	  22.66462	       -84	         119	            0	                 0	          0	
 10117442	  22.89471	       -84	         121	            0	                 0	          0	
 10117492	  23.04953	       -84	         121	            0	                 0	          0	
 10117542	  22.47816	       -84	         119	            0	                 0	          0	
 10117592	  22.28596	       -85	         118	            0	                 0	          0	
 10117642	  22.63368	       -84	         118	            0	                 0	          0	
 10117692	  22.70559	       -84	         119	            0	                 0	          0	
 10117742	  22.58628	       -84	         119	            0	                 0	          0	
 10117792	  22.42332	       -84	         118	            0	                 0	          0	
 10117842	  22.66554	       -85	         119	            0	                 0	          0	
 10117892	   22.6862	       -84	         120	            0	                 0	          0	
 10117942	  22.15301	       -84	         118	            0	                 0	          0	
 10117992	  22.58082	       -85	         118	            0	                 0	          0	
 10118042	  23.33527	       -85	         121	            0	                 0	          0	
 10118092	  22.83896	       -84	         120	            0	                 0	          0	
 10118142	  22.92624	       -84	         120	            0	                 0	          0	
 10118192	  23.06212	       -84	         120	            0	                 0	          0	
 10118242	  22.16401	       -84	         117	            0	                 0	          0	
 10118292	  22.38571	       -84	         118	            0	                 0	          0	
 10118342	  22.61137	       -84	         119	            0	                 0	          0	
 10118392	  22.24986	       -85	         117	            0	                 0	          0	
 10118442	  22.46083	       -84	         117	            0	                 0	          0	
 10118492	  22.94489	       -84	         120	            0	                 0	          0	
 10118542	   22.6845	       -84	         120	            0	                 0	          0	
 10118592	  22.46308	       -85	         118	            0	                 0	          0	
 10118642	  22.52085	       -84	         119	            0	                 0	          0	
 10118692	  22.60449	       -84	         119	            0	                 0	          0	
 10118742	   22.6915	       -84	         120	            0	                 0	          0	
 10118792	  22.54137	       -85	         121	            0	                 0	          0	
 10118842	  22.52779	       -85	         121	            0	                 0	          0	
 10118892	  22.36491	       -85	         119	            0	                 0	          0	
 10118942	  22.53726	       -83	         118	            0	                 0	          0	
 10118992	   22.7734	       -83	         120	            0	                 0	          0	
 10119042	  23.00171	       -84	         120	            0	                 0	          0	
 10119092	  23.02205	       -83	         120	            0	                 0	          0	
 10119142	  22.76131	       -84	         119	            0	                 0	          0	
 10119192	  22.51709	       -84	         119	            0	                 0	          0	
 10119242	  22.73712	       -84	         121	            0	                 0	          0	
 10119292	  22.74092	       -84	         120	            0	                 0	          0	
 10119342	   22.5702	       -84	         118	            0	                 0	          0	
 10119392	  22.34534	       -84	         118	            0	                 0	          0	
 10119442	  22.35475	       -84	         117	            0	                 0	          0	
 10119492	  22.49615	       -84	         118	            0	                 0	          0	
 10119542	  22.16668	       -85	         118	            0	                 0	          0	
 10119592	  22.59145	       -83	         119	            0	                 0	          0	
 10119642	  23.00532	       -83	         121	            0	                 0	          0	
 10119692	  22.76593	       -84	         121	            0	                 0	          0	
 10119742	  22.35578	       -85	         118	            0	                 0	          0	
 10119792	  22.23898	       -85	         118	            0	                 0	          0	
 10119842	  21.94039	       -85	         119	            0	                 0	          0	
 10119892	  22.06016	       -85	         119	            0	                 0	          0	
 10119942	   22.4159	       -84	         119	            0	                 0	          0	
 10119992	  22.69406	       -83	         120	            0	                 0	          0	
 10120042	  22.86481	       -83	         120	            0	                 0	          0	
 10120092	   22.6901	       -84	         119	            0	                 0	          0	
 10120142	  22.73007	       -84	         120	            0	                 0	          0	
 10120192	  23.01133	       -84	         122	            0	                 0	          0	
 10120242	  23.16285	       -84	         121	            0	                 0	          0	
 10120292	   23.0907	       -84	         120	            0	                 0	          0	
 10120342	  23.10634	       -84	         121	            0	                 0	          0	
 10120392	  22.62717	       -83	         119	            0	                 0	          0	
 10120442	   22.4165	       -83	         117	            0	                 0	          0	
 10120492	  22.59141	       -84	         119	            0	                 0	          0	
 10120542	  22.77796	       -84	         119	            0	                 0	          0	
 10120592	  22.50228	       -83	         119	            0	                 0	          0	
 10120642	  22.07364	       -84	         118	            0	                 0	          0	
 10120692	   22.1096	       -85	         119	            0	                 0	          0	
 10120742	  22.34205	       -84	         118	            0	                 0	          0	
 10120792	  22.19216	       -84	         116	            0	                 0	          0	
 10120842	   22.1671	       -83	         117	            0	                 0	          0	
 10120892	  22.54856	       -83	         119	            0	                 0	          0	
 10120942	  22.44144	       -84	         120	            0	                 0	          0	
 10120992	  22.57076	       -83	         121	            0	                 0	          0	
 10121042	  22.67602	       -83	         121	            0	                 0	          0	
 10121092	  22.40776	       -83	         120	            0	                 0	          0	
 10121142	  22.25427	       -83	         119	            0	                 0	          0	
 10121192	  22.84553	       -83	         121	            0	                 0	          0	
 10121242	  23.03479	       -83	         121	            0	                 0	          0	
 10121292	  22.69376	       -83	         119	            0	                 0	          0	
 10121342	  22.58658	       -84	         119	            0	                 0	          0	
 10121392	    22.376	       -83	         119	            0	                 0	          0	
 10121442	  22.76848	       -83	         121	            0	                 0	          0	
 10121492	  22.72171	       -84	         121	            0	                 0	          0	
 10121542	  22.65466	       -84	         120	            0	                 0	          0	
 10121592	  22.93904	       -85	         120	            0	                 0	          0	
 10121642	  22.38248	       -85	         118	            0	                 0	          0	
 10121692	  22.29913	       -84	         118	            0	                 0	          0	
 10121742	  22.67387	       -84	         120	            0	                 0	          0	
 10121792	   22.7214	       -84	         122	            0	                 0	          0	
 10121842	   22.5323	       -83	         121	            0	                 0	          0	
 10121892	  22.66403	       -83	         120	            0	                 0	          0	
 10121942	   22.5297	       -84	         121	            0	                 0	          0	
 10121992	  22.13217	       -85	         119	            0	                 0	          0	
 10122042	   22.4628	       -85	         120	            0	                 0	          0	
 10122092	  22.85662	       -84	         120	            0	                 0	          0	
 10122142	  22.73388	       -84	         118	            0	                 0	          0	
 10122192	  22.74068	       -84	         120	            0	                 0	          0	
 10122242	  22.18792	       -83	         118	            0	                 0	          0	
 10122292	  21.80638	       -84	         117	            0	                 0	          0	
 10122342	   22.6031	       -84	         120	            0	                 0	          0	
 10122392	  22.77033	       -84	         120	            0	                 0	          0	
 10122442	  22.24515	       -84	         119	            0	                 0	          0	
 10122492	  22.30421	       -84	         119	            0	                 0	          0	
 10122542	  22.28055	       -84	         119	            0	                 0	          0	
 10122592	   22.3785	       -83	         121	            0	                 0	          0	
 10122642	  23.06811	       -84	         123	            0	                 0	          0	
 10122692	  22.29789	       -84	         120	            0	                 0	          0	
 10122742	  21.85316	       -83	         116	            0	                 0	          0	
 10122792	  22.43676	       -83	         118	            0	                 0	          0	
 10122842	  22.44409	       -84	         120	            0	                 0	          0	
 10122892	  22.47216	       -84	         120	            0	                 0	          0	
 10122942	  22.48196	       -84	         119	            0	                 0	          0	
 10122992	  22.35266	       -85	         119	            0	                 0	          0	
 10123042	   22.2676	       -84	         119	            0	                 0	          0	
 10123092	  22.00222	       -83	         119	            0	                 0	          0	
 10123142	   22.1972	       -84	         119	            0	                 0	          0	
 10123192	  22.49739	       -84	         120	            0	                 0	          0	
 10123242	  22.28595	       -84	         119	            0	                 0	          0	
 10123292	  22.52776	       -83	         118	            0	                 0	          0	
 10123342	  22.77631	       -84	         120	            0	                 0	          0	
 10123392	  22.43131	       -85	         121	            0	                 0	          0	
 10123442	   22.3682	       -84	         119	            0	                 0	          0	
 10123492	  22.57157	       -85	         121	            0	                 0	          0	
 10123542	  22.79667	       -84	         121	            0	                 0	          0	
 10123592	  22.79351	       -83	         120	            0	                 0	          0	
 10123642	   22.5246	       -83	         119	            0	                 0	          0	
 10123692	  22.14117	       -83	         119	            0	                 0	          0	
 10123742	  22.11619	       -83	         119	            0	                 0	          0	
 10123792	  22.49868	       -84	         120	            0	                 0	          0	
 10123842	  22.75134	       -84	         121	            0	                 0	          0	
 10123892	  22.65978	       -84	         121	            0	                 0	          0	
 10123942	  22.45763	       -83	         121	            0	                 0	          0	
 10123992	    22.463	       -83	         120	            0	                 0	          0	
 10124042	  22.41323	       -83	         120	            0	                 0	          0	
 10124092	  22.22846	       -84	         119	            0	                 0	          0	
 10124142	  21.87541	       -84	         119	            0	                 0	          0	
 10124192	  21.60894	       -85	         118	            0	                 0	          0	
 10124242	  22.02941	       -84	         119	            0	                 0	          0	
 10124292	  22.76688	       -84	         122	            0	                 0	          0	
 10124342	  22.34527	       -84	         120	            0	                 0	          0	
 10124392	  21.70572	       -84	         117	            0	                 0	          0	
 10124442	    21.585	       -83	         116	            0	                 0	          0	
 10124492	  22.18504	       -84	         119	            0	                 0	          0	
 10124542	  22.31352	       -84	         120	            0	                 0	          0	
 10124592	  22.08692	       -84	         119	            0	                 0	          0	
 10124642	   22.1693	       -84	         119	            0	                 0	          0	
 10124692	  22.01695	       -83	         119	            0	                 0	          0	
 10124742	  22.23759	       -84	         119	            0	                 0	          0	
 10124792	  22.45638	       -83	         119	            0	                 0	          0	
 10124842	  22.65339	       -84	         120	            0	                 0	          0	
 10124892	  22.43185	       -84	         120	            0	                 0	          0	
 10124942	  22.34192	       -84	         121	            0	                 0	          0	
 10124992	  22.48028	       -84	         121	            0	                 0	          0	
 10125042	  22.53414	       -84	         119	            0	                 0	          0	
 10125092	  22.38669	       -84	         119	            0	                 0	          0	
 10125142	  22.23033	       -83	         119	            0	                 0	          0	
 10125192	  22.47531	       -83	         119	            0	                 0	          0	
 10125242	  22.55351	       -84	         119	            0	                 0	          0	
 10125292	  21.95632	       -84	         117	            0	                 0	          0	
 10125342	  22.10673	       -83	         119	            0	                 0	          0	
 10125392	  22.60314	       -83	         121	            0	                 0	          0	
 10125442	  22.27476	       -84	         119	            0	                 0	          0	
 10125492	   22.3584	       -83	         120	            0	                 0	          0	
 10125542	  22.17627	       -84	         119	            0	                 0	          0	
 10125592	  22.32327	       -84	         119	            0	                 0	          0	
 10125642	  22.64084	       -84	         120	            0	                 0	          0	
 10125692	  22.37142	       -84	         119	            0	                 0	          0	
 10125742	  22.09275	       -84	         118	            0	                 0	          0	
 10125792	  22.30073	       -84	         119	            0	                 0	          0	
 10125842	  22.65258	       -84	         120	            0	                 0	          0	
 10125892	  22.79404	       -84	         121	            0	                 0	          0	
 10125942	  22.98055	       -83	         122	            0	                 0	          0	
 10125992	  22.85551	       -83	         121	            0	                 0	          0	
 10126042	  22.75873	       -83	         121	            0	                 0	          0	
 10126092	  22.52057	       -83	         121	            0	                 0	          0	
 10126142	  22.60624	       -83	         122	            0	                 0	          0	
 10126192	  22.79361	       -84	         123	            0	                 0	          0	
 10126242	  22.06071	       -84	         120	            0	                 0	          0	
 10126292	  21.59435	       -84	         118	            0	                 0	          0	
 10126342	  22.31785	       -84	         121	            0	                 0	          0	
 10126392	  22.62825	       -84	         121	            0	                 0	          0	
 10126442	  22.09215	       -84	         120	            0	                 0	          0	
 10126492	    21.997	       -84	         119	            0	                 0	          0	
 10126542	  21.94758	       -84	         118	            0	                 0	          0	
 10126592	  22.00727	       -84	         118	            0	                 0	          0	
 10126642	  21.87359	       -83	         118	            0	                 0	          0	
 10126692	  22.33619	       -84	         120	            0	                 0	          0	
 10126742	  23.11747	       -85	         122	            0	                 0	          0	
 10126792	  22.35028	       -84	         120	            0	                 0	          0	
 10126842	  21.72071	       -84	         118	            0	                 0	          0	
 10126892	  22.03771	       -84	         118	            0	                 0	          0	
 10126942	   22.1733	       -84	         119	            0	                 0	          0	
 10126992	  22.00604	       -84	         119	            0	                 0	          0	
 10127042	  22.26543	       -84	         119	            0	                 0	          0	
 10127092	  22.38371	       -84	         118	            0	                 0	          0	
 10127142	  22.52814	       -85	         120	            0	                 0	          0	
 10127192	  22.36142	       -84	         121	            0	                 0	          0	
 10127242	  21.90456	       -83	         119	            0	                 0	          0	
 10127292	  22.57138	       -83	         121	            0	                 0	          0	
 10127342	  22.45217	       -84	         120	            0	                 0	          0	
 10127392	  22.04663	       -84	         119	            0	                 0	          0	
 10127442	  22.46488	       -83	         120	            0	                 0	          0	
 10127492	  22.45138	       -84	         122	            0	                 0	          0	
 10127542	  22.20658	       -84	         120	            0	                 0	          0	
 10127592	  22.23231	       -84	         118	            0	                 0	          0	
 10127642	   22.4907	       -84	         119	            0	                 0	          0	
 10127692	  22.51359	       -84	         120	            0	                 0	          0	
 10127742	  22.42642	       -83	         120	            0	                 0	          0	
 10127792	  22.25323	       -83	         120	            0	                 0	          0	
 10127842	  22.34276	       -83	         119	            0	                 0	          0	
 10127892	  22.52665	       -84	         120	            0	                 0	          0	
 10127942	  21.90647	       -84	         119	            0	                 0	          0	
 10127992	  21.44291	       -84	         117	            0	                 0	          0	
 10128042	  21.89649	       -84	         120	            0	                 0	          0	
 10128092	  22.47949	       -84	         121	            0	                 0	          0	
 10128142	  22.70926	       -83	         121	            0	                 0	          0	
 10128192	  22.24413	       -83	         119	            0	                 0	          0	
 10128242	  21.77555	       -83	         118	            0	                 0	          0	
 10128292	  21.69036	       -84	         117	            0	                 0	          0	
 10128342	  21.92249	       -84	         118	            0	                 0	          0	
 10128392	  21.90172	       -84	         118	            0	                 0	          0	
 10128442	  22.01736	       -83	         119	            0	                 0	          0	
 10128492	   22.0163	       -83	         119	            0	                 0	          0	
 10128542	  21.58881	       -83	         117	            0	                 0	          0	
 10128592	  21.68955	       -83	         118	            0	                 0	          0	
 10128642	   21.9608	       -84	         118	            0	                 0	          0	
 10128692	  22.17697	       -84	         120	            0	                 0	          0	
 10128742	  22.11782	       -84	         120	            0	                 0	          0	
 10128792	  22.04016	       -83	         119	            0	                 0	          0	
 10128842	  22.04536	       -84	         119	            0	                 0	          0	
 10128892	  22.04642	       -84	         117	            0	                 0	          0	
 10128942	  22.09784	       -84	         117	            0	                 0	          0	
 10128992	  22.02977	       -84	         119	            0	                 0	          0	
 10129042	  22.14083	       -84	         120	            0	                 0	          0	
 10129092	  22.33653	       -84	         120	            0	                 0	          0	
 10129142	  22.16563	       -84	         119	            0	                 0	          0	
 10129192	   21.9647	       -84	         119	            0	                 0	          0	
 10129242	  22.24202	       -83	         121	            0	                 0	          0	
 10129292	  22.29113	       -83	         121	            0	                 0	          0	
 10129342	  22.51934	       -84	         121	            0	                 0	          0	
 10129392	  22.60773	       -84	         121	            0	                 0	          0	
 10129442	  21.97666	       -84	         119	            0	                 0	          0	
 10129492	   21.6242	       -84	         119	            0	                 0	          0	
 10129542	  21.74683	       -84	         119	            0	                 0	          0	
 10129592	  22.35709	       -84	         121	            0	                 0	          0	
 10129642	  22.19507	       -84	         119	            0	                 0	          0	
 10129692	  21.55778	       -84	         117	            0	                 0	          0	
 10129742	  21.71607	       -84	         118	            0	                 0	          0	
 10129792	  21.73893	       -84	         118	            0	                 0	          0	
 10129842	  21.49502	       -84	         116	            0	                 0	          0	
 10129892	  21.85343	       -84	         116	            0	                 0	          0	
 10129942	  22.49682	       -84	         120	            0	                 0	          0	
 10129992	  22.27618	       -84	         120	            0	                 0	          0	
 10130042	  22.14397	       -83	         121	            0	                 0	          0	
 10130092	  22.10428	       -83	         121	            0	                 0	          0	
 10130142	  21.75603	       -84	         120	            0	                 0	          0	
 10130192	  22.10722	       -83	         119	            0	                 0	          0	
 10130242	   21.9558	       -82	         119	            0	                 0	          0	
 10130292	  21.74282	       -84	         118	            0	                 0	          0	
 10130342	     22.08	       -84	         119	            0	                 0	          0	
 10130392	  22.41396	       -85	         121	            0	                 0	          0	
 10130442	  22.13667	       -85	         120	            0	                 0	          0	
 10130492	  22.42479	       -84	         121	            0	                 0	          0	
 10130542	  22.49931	       -84	         122	            0	                 0	          0	
 10130592	  22.10762	       -83	         119	            0	                 0	          0	
 10130642	  22.03629	       -83	         118	            0	                 0	          0	
 10130692	  22.03666	       -83	         120	            0	                 0	          0	
 10130742	  22.17116	       -83	         120	            0	                 0	          0	
 10130792	  21.57293	       -84	         119	            0	                 0	          0	
 10130842	  21.80815	       -85	         120	            0	                 0	          0	
 10130892	  22.03381	       -84	         119	            0	                 0	          0	
 10130942	  21.56074	       -84	         117	            0	                 0	          0	
 10130992	  21.61631	       -83	         118	            0	                 0	          0	
 10131042	  21.27462	       -83	         118	            0	                 0	          0	
 10131092	   21.2417	       -83	         117	            0	                 0	          0	
 10131142	  22.17731	       -84	         121	            0	                 0	          0	
 10131192	  22.31764	       -85	         122	            0	                 0	          0	
 10131242	  21.71902	       -84	         118	            0	                 0	          0	
 10131292	  21.56802	       -84	         118	            0	                 0	          0	
 10131342	  22.06749	       -84	         120	            0	                 0	          0	
 10131392	  22.40849	       -84	         121	            0	                 0	          0	
 10131442	  22.13206	       -83	         120	            0	                 0	          0	
 10131492	  21.68574	       -83	         118	            0	                 0	          0	
 10131542	    21.826	       -84	         119	            0	                 0	          0	
 10131592	  22.14909	       -85	         119	            0	                 0	          0	
 10131642	  22.13729	       -86	         120	            0	                 0	          0	
 10131692	  22.09924	       -84	         120	            0	                 0	          0	
 10131742	  21.76945	       -84	         119	            0	                 0	          0	
 10131792	  21.75014	       -84	         119	            0	                 0	          0	
 10131842	  21.76205	       -85	         119	            0	                 0	          0	
 10131892	  21.32112	       -84	         117	            0	                 0	          0	
 10131942	  21.50519	       -84	         118	            0	                 0	          0	
 10131992	  22.10896	       -84	         120	            0	                 0	          0	
 10132042	  22.44152	       -84	         121	            0	                 0	          0	
 10132092	  22.37003	       -84	         121	            0	                 0	          0	
 10132142	  22.18365	       -83	         121	            0	                 0	          0	
 10132192	  22.01882	       -83	         121	            0	                 0	          0	
 10132242	   22.0431	       -84	         121	            0	                 0	          0	
 10132292	  21.90135	       -84	         119	            0	                 0	          0	
 10132342	  22.17216	       -83	         121	            0	                 0	          0	
 10132392	  22.49946	       -83	         123	            0	                 0	          0	
 10132442	  22.27675	       -83	         122	            0	                 0	          0	
 10132492	  22.75688	       -84	         121	            0	                 0	          0	
 10132542	  22.45811	       -83	         120	            0	                 0	          0	
 10132592	  21.87861	       -84	         119	            0	                 0	          0	
 10132642	  21.83562	       -84	         119	            0	                 0	          0	
 10132692	  22.19658	       -83	         121	            0	                 0	          0	
 10132742	  22.68271	       -84	         122	            0	                 0	          0	
 10132792	   22.0498	       -85	         120	            0	                 0	          0	
 10132842	  22.06664	       -83	         120	            0	                 0	          0	
 10132892	  22.14875	       -83	         119	            0	                 0	          0	
 10132942	   21.6191	       -84	         118	            0	                 0	          0	
 10132992	  21.51828	       -83	         117	            0	                 0	          0	
 10133042	  21.65382	       -83	         118	            0	                 0	          0	
 10133092	  21.88886	       -83	         120	            0	                 0	          0	
 10133142	  22.15165	       -84	         120	            0	                 0	          0	
 10133192	  22.58526	       -84	         120	            0	                 0	          0	
 10133242	  22.41347	       -83	         119	            0	                 0	          0	
 10133292	  22.37243	       -84	         120	            0	                 0	          0	
 10133342	  22.18105	       -84	         120	            0	                 0	          0	
 10133392	  21.76307	       -83	         119	            0	                 0	          0	
 10133442	  21.68796	       -83	         119	            0	                 0	          0	
 10133492	    21.849	       -83	         119	            0	                 0	          0	
 10133542	  22.06025	       -84	         119	            0	                 0	          0	
 10133592	  21.83948	       -84	         118	            0	                 0	          0	
 10133642	  21.47968	       -83	         118	            0	                 0	          0	
 10133692	  21.54195	       -84	         118	            0	                 0	          0	
 10133742	  21.70905	       -84	         119	            0	                 0	          0	
 10133792	  21.40465	       -83	         118	            0	                 0	          0	
 10133842	  21.45428	       -83	         118	            0	                 0	          0	
 10133892	  22.13353	       -83	         121	            0	                 0	          0	
 10133942	  21.99453	       -84	         120	            0	                 0	          0	
 10133992	  21.83549	       -84	         119	            0	                 0	          0	
 10134042	  21.96746	       -84	         119	            0	                 0	          0	
 10134092	  21.29072	       -84	         117	            0	                 0	          0	
 10134142	  21.50163	       -84	         117	            0	                 0	          0	
 10134192	  22.40993	       -84	         120	            0	                 0	          0	
 10134242	  22.38449	       -84	         121	            0	                 0	          0	
 10134292	   22.2788	       -84	         121	            0	                 0	          0	
 10134342	  22.24478	       -83	         121	            0	                 0	          0	
 10134392	  21.80756	       -84	         120	            0	                 0	          0	
 10134442	   21.8703	       -85	         120	            0	                 0	          0	
 10134492	  22.29181	       -84	         121	            0	                 0	          0	
 10134542	  22.03538	       -84	         119	            0	                 0	          0	
 10134592	  21.71917	       -84	         120	            0	                 0	          0	
 10134642	   22.2221	       -83	         121	            0	                 0	          0	
 10134692	  22.09588	       -84	         121	            0	                 0	          0	
 10134742	  21.72568	       -84	         120	            0	                 0	          0	
 10134792	    21.621	       -83	         120	            0	                 0	          0	
 10134842	  21.75714	       -83	         120	            0	                 0	          0	
 10134892	  22.09702	       -83	         120	            0	                 0	          0	
 10134942	  21.84785	       -84	         121	            0	                 0	          0	
 10134992	   21.6784	       -84	         120	            0	                 0	          0	
 10135042	  22.07102	       -84	         120	            0	                 0	          0	
 10135092	  21.97708	       -84	         120	            0	                 0	          0	
 10135142	  21.32072	       -83	         117	            0	                 0	          0	
 10135192	  21.21615	       -83	         115	            0	                 0	          0	
 10135242	  21.95027	       -84	         119	            0	                 0	          0	
 10135292	  22.32441	       -85	         121	            0	                 0	          0	
 10135342	   21.8704	       -85	         119	            0	                 0	          0	
 10135392	  22.10843	       -84	         120	            0	                 0	          0	
 10135442	  22.33258	       -84	         122	            0	                 0	          0	
 10135492	  21.79719	       -84	         120	            0	                 0	          0	
 10135542	  21.49076	       -83	         118	            0	                 0	          0	
 10135592	  21.79399	       -83	         120	            0	                 0	          0	
 10135642	  21.95014	       -84	         119	            0	                 0	          0	
 10135692	  22.24642	       -85	         120	            0	                 0	          0	
 10135742	  22.49982	       -84	         122	            0	                 0	          0	
 10135792	  22.28796	       -83	         122	            0	                 0	          0	
 10135842	  22.05883	       -84	         120	            0	                 0	          0	
 10135892	  21.86273	       -84	         119	            0	                 0	          0	
 10135942	  22.00756	       -83	         120	            0	                 0	          0	
 10135992	   21.9235	       -83	         120	            0	                 0	          0	
 10136042	  21.75401	       -83	         121	            0	                 0	          0	
 10136092	   22.0388	       -84	         121	            0	                 0	          0	
 10136142	  21.70952	       -84	         120	            0	                 0	          0	
 10136192	  21.65144	       -84	         120	            0	                 0	          0	
 10136242	  21.94199	       -85	         120	            0	                 0	          0	
 10136292	  22.06948	       -85	         121	            0	                 0	          0	
 10136342	  22.23384	       -84	         121	            0	                 0	          0	
 10136392	  21.69414	       -83	         118	            0	                 0	          0	
 10136442	  21.29917	       -83	         117	            0	                 0	          0	
 10136492	  21.73527	       -84	         119	            0	                 0	          0	
 10136542	  21.74165	       -84	         119	            0	                 0	          0	
 10136592	   21.6613	       -85	         120	            0	                 0	          0	
 10136642	  21.87535	       -84	         120	            0	                 0	          0	
 10136692	  21.75659	       -83	         119	            0	                 0	          0	
 10136742	  21.85726	       -84	         121	            0	                 0	          0	
 10136792	  21.77632	       -84	         122	            0	                 0	          0	
 10136842	  21.64089	       -85	         120	            0	                 0	          0	
 10136892	  21.53994	       -84	         118	            0	                 0	          0	
 10136942	  21.76475	       -84	         119	            0	                 0	          0	
 10136992	  21.68781	       -84	         119	            0	                 0	          0	
 10137042	  21.20013	       -84	         117	            0	                 0	          0	
 10137092	   21.7281	       -83	         119	            0	                 0	          0	
 10137142	  21.82689	       -83	         120	            0	                 0	          0	
 10137192	  21.54997	       -83	         120	            0	                 0	          0	
 10137242	  21.79111	       -83	         120	            0	                 0	          0	
 10137292	  21.90095	       -84	         120	            0	                 0	          0	
 10137342	  21.74162	       -85	         120	            0	                 0	          0	
 10137392	  21.19683	       -84	         118	            0	                 0	          0	
 10137442	  21.12164	       -83	         116	            0	                 0	          0	
 10137492	  22.07039	       -84	         120	            0	                 0	          0	
 10137542	   22.2244	       -84	         121	            0	                 0	          0	
 10137592	  21.77636	       -84	         118	            0	                 0	          0	
 10137642	  22.19943	       -84	         121	            0	                 0	          0	
 10137692	  21.99345	       -85	         121	            0	                 0	          0	
 10137742	  21.31259	       -84	         118	            0	                 0	          0	
 10137792	  21.18988	       -84	         117	            0	                 0	          0	
 10137842	  21.39867	       -84	         118	            0	                 0	          0	
 10137892	  21.48833	       -84	         119	            0	                 0	          0	
 10137942	  21.67487	       -83	         120	            0	                 0	          0	
 10137992	  21.68156	       -84	         119	            0	                 0	          0	
 10138042	   21.5793	       -84	         121	            0	                 0	          0	
 10138092	  21.67069	       -84	         121	            0	                 0	          0	
 10138142	  21.44621	       -85	         118	            0	                 0	          0	
 10138192	  21.65381	       -85	         118	            0	                 0	          0	
 10138242	   22.1148	       -85	         120	            0	                 0	          0	
 10138292	  22.15496	       -84	         120	            0	                 0	          0	
 10138342	   21.7115	       -83	         119	            0	                 0	          0	
 10138392	  21.54457	       -83	         119	            0	                 0	          0	
 10138442	  21.53227	       -83	         120	            0	                 0	          0	
 10138492	  21.35441	       -82	         120	            0	                 0	          0	
 10138542	  21.75613	       -82	         119	            0	                 0	          0	
 10138592	  21.98138	       -83	         119	            0	                 0	          0	
 10138642	  21.52244	       -84	         120	            0	                 0	          0	
 10138692	  21.52041	       -85	         121	            0	                 0	          0	
 10138742	  21.82629	       -84	         120	            0	                 0	          0	
 10138792	  21.59766	       -84	         120	            0	                 0	          0	
 10138842	  21.23957	       -84	         119	            0	                 0	          0	
 10138892	  21.18808	       -84	         118	            0	                 0	          0	
 10138942	  21.61206	       -84	         120	            0	                 0	          0	
 10138992	  21.94254	       -83	         122	            0	                 0	          0	
 10139042	  21.48516	       -84	         120	            0	                 0	          0	
 10139092	  21.41209	       -84	         118	            0	                 0	          0	
 10139142	  21.41345	       -83	         118	            0	                 0	          0	
 10139192	  21.56305	       -84	         119	            0	                 0	          0	
 10139242	  22.01966	       -84	         122	            0	                 0	          0	
 10139292	  21.72031	       -82	         120	            0	                 0	          0	
 10139342	  21.56205	       -82	         119	            0	                 0	          0	
 10139392	  21.41155	       -84	         118	            0	                 0	          0	
 10139442	  21.70063	       -85	         120	            0	                 0	          0	
 10139492	  22.03184	       -84	         122	            0	                 0	          0	
 10139542	  21.56639	       -83	         119	            0	                 0	          0	
 10139592	  21.42959	       -83	         118	            0	                 0	          0	
 10139642	  21.14356	       -84	         117	            0	                 0	          0	
 10139692	  20.86828	       -85	         116	            0	                 0	          0	
 10139742	  21.50973	       -84	         119	            0	                 0	          0	
 10139792	  21.79951	       -83	         120	            0	                 0	          0	
 10139842	  21.62223	       -83	         119	            0	                 0	          0	
 10139892	  21.53721	       -83	         119	            0	                 0	          0	
 10139942	  21.61992	       -83	         119	            0	                 0	          0	
 10139992	  21.67975	       -84	         120	            0	                 0	          0	
 10140042	  21.67118	       -84	         120	            0	                 0	          0	
 10140092	  21.76287	       -84	         120	            0	                 0	          0	
 10140142	  22.10633	       -84	         120	            0	                 0	          0	
 10140192	  22.17307	       -84	         120	            0	                 0	          0	
 10140242	  21.91293	       -84	         121	            0	                 0	          0	
 10140292	  21.73572	       -84	         121	            0	                 0	          0	
 10140342	  21.23788	       -84	         118	            0	                 0	          0	
 10140392	  21.43568	       -84	         120	            0	                 0	          0	
 10140442	  21.99615	       -84	         120	            0	                 0	          0	
 10140492	  21.60518	       -84	         119	            0	                 0	          0	
 10140542	  21.31591	       -83	         118	            0	                 0	          0	
 10140592	  21.69113	       -83	         120	            0	                 0	          0	
 10140642	  21.70682	       -83	         121	            0	                 0	          0	
 10140692	  21.35682	       -84	         119	            0	                 0	          0	
 10140742	  21.55799	       -85	         119	            0	                 0	          0	
 10140792	  21.75615	       -85	         119	            0	                 0	          0	
 10140842	  21.76658	       -84	         119	            0	                 0	          0	
 10140892	  22.04303	       -84	         122	            0	                 0	          0	
 10140942	  22.00349	       -84	         121	            0	                 0	          0	
 10140992	  21.77153	       -84	         120	            0	                 0	          0	
 10141042	  21.65393	       -83	         119	            0	                 0	          0	
 10141092	  21.05207	       -84	         118	            0	                 0	          0	
 10141142	  21.18271	       -84	         118	            0	                 0	          0	
 10141192	  21.47248	       -83	         119	            0	                 0	          0	
 10141242	  20.88121	       -84	         116	            0	                 0	          0	
 10141292	  20.95911	       -84	         118	            0	                 0	          0	
 10141342	  21.21623	       -84	         119	            0	                 0	          0	
 10141392	  21.22745	       -84	         117	            0	                 0	          0	
 10141442	  21.25829	       -83	         118	            0	                 0	          0	
 10141492	  21.23019	       -83	         117	            0	                 0	          0	
 10141542	  21.71706	       -84	         119	            0	                 0	          0	
 10141592	  21.70264	       -85	         119	            0	                 0	          0	
 10141642	  21.02975	       -84	         116	            0	                 0	          0	
 10141692	  21.12892	       -83	         117	            0	                 0	          0	
 10141742	  21.24257	       -83	         118	            0	                 0	          0	
 10141792	  21.60532	       -84	         119	            0	                 0	          0	
 10141842	  21.86847	       -84	         119	            0	                 0	          0	
 10141892	   21.6507	       -83	         119	            0	                 0	          0	
 10141942	  21.30092	       -84	         120	            0	                 0	          0	
 10141992	  21.15458	       -84	         118	            0	                 0	          0	
 10142042	   21.4901	       -83	         119	            0	                 0	          0	
 10142092	  21.62398	       -83	         120	            0	                 0	          0	
 10142142	  21.05746	       -83	         119	            0	                 0	          0	
 10142192	  21.02695	       -83	         118	            0	                 0	          0	
 10142242	  21.22471	       -83	         118	            0	                 0	          0	
 10142292	  21.06062	       -84	         117	            0	                 0	          0	
 10142342	  20.92289	       -83	         117	            0	                 0	          0	
 10142392	  20.84961	       -84	         117	            0	                 0	          0	
 10142442	  21.11523	       -85	         119	            0	                 0	          0	
 10142492	  21.19348	       -84	         118	            0	                 0	          0	
 10142542	  21.17191	       -84	         117	            0	                 0	          0	
 10142592	  21.52716	       -84	         120	            0	                 0	          0	
 10142642	  21.57122	       -83	         120	            0	                 0	          0	
 10142692	  21.59268	       -83	         119	            0	                 0	          0	
 10142742	  21.61959	       -83	         119	            0	                 0	          0	
 10142792	  21.44576	       -82	         119	            0	                 0	          0	
 10142842	  21.26941	       -82	         119	            0	                 0	          0	
 10142892	  20.93245	       -82	         117	            0	                 0	          0	
 10142942	  21.02332	       -83	         118	            0	                 0	          0	
 10142992	  21.26122	       -84	         120	            0	                 0	          0	
 10143042	  21.80725	       -84	         121	            0	                 0	          0	
 10143092	   21.6191	       -84	         119	            0	                 0	          0	
 10143142	  21.24051	       -84	         117	            0	                 0	          0	
 10143192	  21.62836	       -84	         120	            0	                 0	          0	
 10143242	  21.65119	       -83	         120	            0	                 0	          0	
 10143292	   21.4574	       -83	         119	            0	                 0	          0	
 10143342	  21.47156	       -84	         120	            0	                 0	          0	
 10143392	  21.09673	       -83	         119	            0	                 0	          0	
 10143442	  21.18056	       -83	         118	            0	                 0	          0	
 10143492	  21.29316	       -83	         119	            0	                 0	          0	
 10143542	  20.49998	       -82	         116	            0	                 0	          0	
 10143592	    20.985	       -82	         116	            0	                 0	          0	
 10143642	  21.40788	       -83	         119	            0	                 0	          0	
 10143692	  21.40837	       -83	         120	            0	                 0	          0	
 10143742	  21.26539	       -84	         119	            0	                 0	          0	
 10143792	  21.47544	       -84	         119	            0	                 0	          0	
 10143842	  22.38335	       -84	         122	            0	                 0	          0	
 10143892	  22.21884	       -83	         123	            0	                 0	          0	
 10143942	  21.72561	       -84	         122	            0	                 0	          0	
 10143992	  21.61591	       -85	         120	            0	                 0	          0	
 10144042	  21.91213	       -85	         118	            0	                 0	          0	
 10144092	  21.95929	       -84	         119	            0	                 0	          0	
 10144142	  21.47169	       -84	         118	            0	                 0	          0	
 10144192	  21.15543	       -85	         118	            0	                 0	          0	
 10144242	  21.27291	       -83	         120	            0	                 0	          0	
 10144292	  21.40948	       -83	         120	            0	                 0	          0	
 10144342	  21.56101	       -85	         121	            0	                 0	          0	
 10144392	   21.3164	       -84	         121	            0	                 0	          0	
 10144442	  20.99114	       -83	         119	            0	                 0	          0	
 10144492	  21.16312	       -84	         119	            0	                 0	          0	
 10144542	  21.40544	       -84	         120	            0	                 0	          0	
 10144592	  21.83708	       -84	         121	            0	                 0	          0	
 10144642	  21.86504	       -83	         122	            0	                 0	          0	
 10144692	  21.64412	       -84	         122	            0	                 0	          0	
 10144742	   21.6344	       -85	         121	            0	                 0	          0	
 10144792	  21.04332	       -84	         119	            0	                 0	          0	
 10144842	  21.32983	       -84	         120	            0	                 0	          0	
 10144892	  21.59808	       -84	         120	            0	                 0	          0	
 10144942	  21.23781	       -84	         118	            0	                 0	          0	
 10144992	  21.10908	       -83	         119	            0	                 0	          0	
 10145042	  21.24356	       -83	         119	            0	                 0	          0	
 10145092	  21.37011	       -83	         121	            0	                 0	          0	
 10145142	  21.52094	       -84	         120	            0	                 0	          0	
 10145192	  21.31837	       -83	         119	            0	                 0	          0	
 10145242	  21.05585	       -83	         118	            0	                 0	          0	
 10145292	   21.1805	       -83	         117	            0	                 0	          0	
 10145342	  20.58083	       -83	         116	            0	                 0	          0	
 10145392	  20.55873	       -84	         116	            0	                 0	          0	
 10145442	  21.40124	       -83	         120	            0	                 0	          0	
 10145492	  21.07088	       -84	         118	            0	                 0	          0	
 10145542	  20.50564	       -83	         116	            0	                 0	          0	
 10145592	  20.85896	       -83	         118	            0	                 0	          0	
 10145642	  21.01305	       -82	         118	            0	                 0	          0	
 10145692	  21.11963	       -83	         118	            0	                 0	          0	
 10145742	  21.69397	       -84	         121	            0	                 0	          0	
 10145792	   21.2301	       -84	         119	            0	                 0	          0	
 10145842	  21.27375	       -83	         118	            0	                 0	          0	
 10145892	  21.23976	       -84	         119	            0	                 0	          0	
 10145942	  21.05406	       -84	         119	            0	                 0	          0	
 10145992	  22.15807	       -84	         122	            0	                 0	          0	
 10146042	   21.8024	       -83	         120	            0	                 0	          0	
 10146092	   21.2966	       -83	         119	            0	                 0	          0	
 10146142	   20.9145	       -83	         119	            0	                 0	          0	
 10146192	  20.93862	       -84	         118	            0	                 0	          0	
 10146242	  21.35331	       -84	         119	            0	                 0	          0	
 10146292	  21.48671	       -84	         120	            0	                 0	          0	
 10146342	  21.28403	       -84	         118	            0	                 0	          0	
 10146392	  20.95668	       -84	         118	            0	                 0	          0	
 10146442	  21.35727	       -83	         121	            0	                 0	          0	
 10146492	  21.48075	       -84	         121	            0	                 0	          0	
 10146542	  21.16505	       -84	         119	            0	                 0	          0	
 10146592	  21.09548	       -83	         119	            0	                 0	          0	
 10146642	  21.28992	       -84	         120	            0	                 0	          0	
 10146692	  21.43494	       -84	         120	            0	                 0	          0	
 10146742	  21.53301	       -83	         120	            0	                 0	          0	
 10146792	  21.77312	       -84	         121	            0	                 0	          0	
 10146842	  21.30546	       -84	         120	            0	                 0	          0	
 10146892	  20.74053	       -83	         117	            0	                 0	          0	
 10146942	  21.23916	       -83	         117	            0	                 0	          0	
 10146992	  21.51521	       -83	         120	            0	                 0	          0	
 10147042	  21.45217	       -83	         119	            0	                 0	          0	
 10147092	  21.26852	       -83	         117	            0	                 0	          0	
 10147142	  21.28229	       -83	         118	            0	                 0	          0	
 10147192	  21.51428	       -83	         120	            0	                 0	          0	
 10147242	  21.19684	       -83	         117	            0	                 0	          0	
 10147292	  21.20296	       -84	         117	            0	                 0	          0	
 10147342	  21.55561	       -83	         120	            0	                 0	          0	
 10147392	  21.70213	       -84	         121	            0	                 0	          0	
 10147442	  20.84654	       -84	         118	            0	                 0	          0	
 10147492	  20.77758	       -83	         118	            0	                 0	          0	
 10147542	  21.32437	       -83	         121	            0	                 0	          0	
 10147592	  22.08071	       -84	         123	            0	                 0	          0	
 10147642	  22.14013	       -83	         121	            0	                 0	          0	
 10147692	  21.71403	       -82	         119	            0	                 0	          0	
 10147742	  21.64442	       -83	         121	            0	                 0	          0	
 10147792	  21.31565	       -84	         120	            0	                 0	          0	
 10147842	  21.49524	       -83	         121	            0	                 0	          0	
 10147892	  21.41988	       -84	         121	            0	                 0	          0	
 10147942	  21.81637	       -84	         122	            0	                 0	          0	
 10147992	  21.45211	       -85	         120	            0	                 0	          0	
 10148042	  21.20712	       -85	         118	            0	                 0	          0	
 10148092	  21.90297	       -84	         121	            0	                 0	          0	
 10148142	    21.498	       -83	         120	            0	                 0	          0	
 10148192	  21.40697	       -84	         119	            0	                 0	          0	
 10148242	  21.33402	       -83	         118	            0	                 0	          0	
 10148292	  20.95869	       -83	         118	            0	                 0	          0	
 10148342	  20.67536	       -83	         118	            0	                 0	          0	
 10148392	  20.38441	       -84	         116	            0	                 0	          0	
 10148442	  20.55684	       -84	         117	            0	                 0	          0	
 10148492	  21.06215	       -84	         118	            0	                 0	          0	
 10148542	  21.04527	       -84	         118	            0	                 0	          0	
 10148592	  21.16242	       -83	         118	            0	                 0	          0	
 10148642	  21.35277	       -83	         118	            0	                 0	          0	
 10148692	  21.00363	       -84	         118	            0	                 0	          0	
 10148742	  20.84441	       -84	         119	            0	                 0	          0	
 10148792	  20.98329	       -84	         119	            0	                 0	          0	
 10148842	  21.14545	       -84	         118	            0	                 0	          0	
 10148892	  21.51645	       -83	         120	            0	                 0	          0	
 10148942	  21.91937	       -84	         121	            0	                 0	          0	
 10148992	  21.57806	       -84	         120	            0	                 0	          0	
 10149042	  21.11407	       -83	         120	            0	                 0	          0	
 10149092	  21.10102	       -83	         119	            0	                 0	          0	
 10149142	  21.18995	       -83	         119	            0	                 0	          0	
 10149192	   20.9089	       -82	         118	            0	                 0	          0	
 10149242	  20.95035	       -83	         119	            0	                 0	          0	
 10149292	   20.7331	       -84	         117	            0	                 0	          0	
 10149342	  20.86486	       -83	         118	            0	                 0	          0	
 10149392	  21.33261	       -83	         120	            0	                 0	          0	
 10149442	  21.10567	       -83	         120	            0	                 0	          0	
 10149492	  20.96415	       -84	         120	            0	                 0	          0	
 10149542	  21.11981	       -84	         120	            0	                 0	          0	
 10149592	   21.6597	       -84	         122	            0	                 0	          0	
 10149642	  21.57861	       -84	         122	            0	                 0	          0	
 10149692	  20.71556	       -83	         119	            0	                 0	          0	
 10149742	  20.91881	       -83	         120	            0	                 0	          0	
 10149792	  21.12825	       -84	         119	            0	                 0	          0	
 10149842	  20.93503	       -83	         118	            0	                 0	          0	
 10149892	  21.22322	       -83	         119	            0	                 0	          0	
 10149942	  20.94384	       -83	         118	            0	                 0	          0	
 10149992	  20.77778	       -84	         117	            0	                 0	          0	
 10150042	  20.98689	       -84	         118	            0	                 0	          0	
 10150092	  20.88794	       -83	         119	            0	                 0	          0	
 10150142	  21.15692	       -84	         119	            0	                 0	          0	
 10150192	  21.54532	       -84	         120	            0	                 0	          0	
 10150242	  21.26551	       -83	         120	            0	                 0	          0	
 10150292	  21.27453	       -84	         119	            0	                 0	          0	
 10150342	  21.49414	       -84	         119	            0	                 0	          0	
 10150392	  21.69016	       -83	         120	            0	                 0	          0	
 10150442	   21.7698	       -84	         121	            0	                 0	          0	
 10150492	  21.33999	       -84	         121	            0	                 0	          0	
 10150542	  21.67221	       -83	         122	            0	                 0	          0	
 10150592	  22.08426	       -84	         122	            0	                 0	          0	
 10150642	  21.44438	       -83	         120	            0	                 0	          0	
 10150692	  21.19293	       -82	         119	            0	                 0	          0	
 10150742	  21.55933	       -83	         120	            0	                 0	          0	
 10150792	  21.43809	       -85	         120	            0	                 0	          0	
 10150842	  21.52585	       -84	         122	            0	                 0	          0	
 10150892	  21.33504	       -84	         120	            0	                 0	          0	
 10150942	  20.88437	       -85	         118	            0	                 0	          0	
 10150992	  21.13729	       -85	         120	            0	                 0	          0	
 10151042	  21.16553	       -84	         120	            0	                 0	          0	
 10151092	  21.22075	       -83	         119	            0	                 0	          0	
 10151142	  21.54955	       -84	         120	            0	                 0	          0	
 10151192	  21.31581	       -84	         120	            0	                 0	          0	
 10151242	  21.06121	       -83	         118	            0	                 0	          0	
 10151292	  21.27186	       -83	         118	            0	                 0	          0	
 10151342	  21.41203	       -83	         120	            0	                 0	          0	
 10151392	  21.75706	       -84	         122	            0	                 0	          0	
 10151442	  21.48256	       -84	         119	            0	                 0	          0	
 10151492	  21.06499	       -84	         117	            0	                 0	          0	
 10151542	  21.20975	       -85	         118	            0	                 0	          0	
 10151592	  20.99954	       -84	         118	            0	                 0	          0	
 10151642	  21.22078	       -84	         119	            0	                 0	          0	
 10151692	  21.63902	       -84	         120	            0	                 0	          0	
 10151742	  21.50033	       -83	         119	            0	                 0	          0	
 10151792	  20.96843	       -83	         118	            0	                 0	          0	
 10151842	  20.92171	       -83	         118	            0	                 0	          0	
 10151892	  21.37167	       -84	         120	            0	                 0	          0	
 10151942	   21.4926	       -84	         120	            0	                 0	          0	
 10151992	  21.15964	       -83	         117	            0	                 0	          0	
 10152042	  20.88773	       -84	         118	            0	                 0	          0	
 10152092	   21.5137	       -84	         121	            0	                 0	          0	
 10152142	  21.40188	       -83	         120	            0	                 0	          0	
 10152192	  21.12215	       -83	         119	            0	                 0	          0	
 10152242	  21.44917	       -83	         120	            0	                 0	          0	
 10152292	  21.37873	       -84	         118	            0	                 0	          0	
 10152342	  21.37962	       -84	         118	            0	                 0	          0	
 10152392	  21.25455	       -84	         120	            0	                 0	          0	
 10152442	  21.26081	       -84	         120	            0	                 0	          0	
 10152492	  21.44093	       -83	         118	            0	                 0	          0	
 10152542	  21.19991	       -83	         118	            0	                 0	          0	
 10152592	   21.3908	       -83	         120	            0	                 0	          0	
 10152642	   21.1183	       -83	         120	            0	                 0	          0	
 10152692	  20.82872	       -83	         119	            0	                 0	          0	
 10152742	  21.24332	       -83	         122	            0	                 0	          0	
 10152792	   21.1927	       -84	         119	            0	                 0	          0	
 10152842	  21.07486	       -84	         117	            0	                 0	          0	
 10152892	  21.27515	       -83	         120	            0	                 0	          0	
 10152942	  21.48771	       -83	         120	            0	                 0	          0	
 10152992	  21.27824	       -82	         121	            0	                 0	          0	
 10153042	  21.38342	       -83	         122	            0	                 0	          0	
 10153092	  21.33411	       -82	         122	            0	                 0	          0	
 10153142	  21.37321	       -82	         120	            0	                 0	          0	
 10153192	  21.63867	       -83	         121	            0	                 0	          0	
 10153242	  21.81106	       -83	         123	            0	                 0	          0	
 10153292	  21.36845	       -83	         121	            0	                 0	          0	
 10153342	  20.74716	       -83	         117	            0	                 0	          0	
 10153392	  21.18296	       -83	         118	            0	                 0	          0	
 10153442	  21.29115	       -83	         120	            0	                 0	          0	
 10153492	  21.46076	       -83	         120	            0	                 0	          0	
 10153542	  21.28669	       -83	         119	            0	                 0	          0	
 10153592	  21.23499	       -83	         118	            0	                 0	          0	
 10153642	  21.36509	       -83	         119	            0	                 0	          0	
 10153692	  20.55865	       -83	         118	            0	                 0	          0	
 10153742	  20.44568	       -83	         117	            0	                 0	          0	
 10153792	  20.66378	       -84	         117	            0	                 0	          0	
 10153842	  20.73236	       -84	         117	            0	                 0	          0	
 10153892	  20.60747	       -82	         117	            0	                 0	          0	
 10153942	  20.41692	       -82	         118	            0	                 0	          0	
 10153992	  20.85717	       -84	         120	            0	                 0	          0	
 10154042	  21.38062	       -83	         121	            0	                 0	          0	
 10154092	   21.2269	       -82	         120	            0	                 0	          0	
 10154142	  21.06751	       -83	         119	            0	                 0	          0	
 10154192	   20.9327	       -83	         118	            0	                 0	          0	
 10154242	  20.84038	       -83	         118	            0	                 0	          0	
 10154292	  21.24572	       -83	         119	            0	                 0	          0	
 10154342	  21.12766	       -84	         120	            0	                 0	          0	
 10154392	  20.75759	       -84	         118	            0	                 0	          0	
 10154442	   21.2845	       -83	         120	            0	                 0	          0	
 10154492	    21.308	       -83	         119	            0	                 0	          0	
 10154542	  21.30293	       -83	         120	            0	                 0	          0	
 10154592	   21.5369	       -82	         120	            0	                 0	          0	
 10154642	  21.15954	       -82	         117	            0	                 0	          0	
 10154692	  20.98737	       -83	         116	            0	                 0	          0	
 10154742	  20.98845	       -84	         117	            0	                 0	          0	
 10154792	  21.48933	       -83	         120	            0	                 0	          0	
 10154842	  21.61092	       -83	         120	            0	                 0	          0	
 10154892	  21.07136	       -83	         118	            0	                 0	          0	
 10154942	  21.12187	       -83	         118	            0	                 0	          0	
 10154992	  20.89159	       -83	         119	            0	                 0	          0	
 10155042	   20.5103	       -84	         119	            0	                 0	          0	
 10155092	  20.63724	       -84	         117	            0	                 0	          0	
 10155142	     21.04	       -84	         118	            0	                 0	          0	
 10155192	  21.34099	       -83	         120	            0	                 0	          0	
 10155242	  20.92152	       -82	         120	            0	                 0	          0	
 10155292	  20.62986	       -82	         118	            0	                 0	          0	
 10155342	  20.64915	       -83	         117	            0	                 0	          0	
 10155392	   20.9407	       -83	         117	            0	                 0	          0	
 10155442	  21.20625	       -83	         118	            0	                 0	          0	
 10155492	  21.11191	       -82	         119	            0	                 0	          0	
 10155542	  21.08222	       -83	         118	            0	                 0	          0	
 10155592	  21.09349	       -83	         119	            0	                 0	          0	
 10155642	  21.33627	       -83	         120	            0	                 0	          0	
 10155692	  21.42071	       -83	         120	            0	                 0	          0	
 10155742	  21.28542	       -83	         119	            0	                 0	          0	
 10155792	  21.62685	       -83	         120	            0	                 0	          0	
 10155842	  21.32556	       -82	         120	            0	                 0	          0	
 10155892	  21.18115	       -82	         121	            0	                 0	          0	
 10155942	  21.50501	       -84	         121	            0	                 0	          0	
 10155992	  20.88214	       -84	         119	            0	                 0	          0	
 10156042	  20.57415	       -83	         118	            0	                 0	          0	
 10156092	  21.09594	       -84	         119	            0	                 0	          0	
 10156142	  21.34162	       -85	         120	            0	                 0	          0	
 10156192	  21.07488	       -83	         120	            0	                 0	          0	
 10156242	  21.06946	       -83	         120	            0	                 0	          0	
 10156292	  21.12799	       -83	         120	            0	                 0	          0	
 10156342	  21.25466	       -83	         119	            0	                 0	          0	
 10156392	  21.39523	       -83	         119	            0	                 0	          0	
 10156442	  21.29491	       -82	         120	            0	                 0	          0	
 10156492	  21.33121	       -84	         121	            0	                 0	          0	
 10156542	  21.57736	       -84	         122	            0	                 0	          0	
 10156592	  21.29782	       -83	         120	            0	                 0	          0	
 10156642	  21.07519	       -84	         118	            0	                 0	          0	
 10156692	  21.46393	       -84	         121	            0	                 0	          0	
 10156742	   21.5207	       -83	         121	            0	                 0	          0	
 10156792	  21.00548	       -84	         119	            0	                 0	          0	
 10156842	   21.2364	       -84	         119	            0	                 0	          0	
 10156892	   21.6437	       -83	         120	            0	                 0	          0	
 10156942	  21.37121	       -83	         119	            0	                 0	          0	
 10156992	  21.02443	       -84	         119	            0	                 0	          0	
 10157042	  20.84649	       -84	         117	            0	                 0	          0	
 10157092	  20.94672	       -83	         117	            0	                 0	          0	
 10157142	  21.12969	       -82	         118	            0	                 0	          0	
 10157192	  21.11508	       -83	         118	            0	                 0	          0	
 10157242	  20.99402	       -84	         118	            0	                 0	          0	
 10157292	  21.34204	       -84	         121	            0	                 0	          0	
 10157342	  21.22514	       -84	         121	            0	                 0	          0	
 10157392	  20.99096	       -83	         119	            0	                 0	          0	
 10157442	  21.14417	       -83	         119	            0	                 0	          0	
 10157492	  20.93959	       -83	         117	            0	                 0	          0	
 10157542	   20.9408	       -83	         118	            0	                 0	          0	
 10157592	  21.35895	       -84	         122	            0	                 0	          0	
 10157642	  21.30206	       -84	         122	            0	                 0	          0	
 10157692	  21.34982	       -84	         119	            0	                 0	          0	
 10157742	  21.48536	       -84	         119	            0	                 0	          0	
 10157792	  21.11501	       -83	         120	            0	                 0	          0	
 10157842	  21.38554	       -82	         121	            0	                 0	          0	
 10157892	  21.49825	       -83	         121	            0	                 0	          0	
 10157942	  21.36702	       -84	         120	            0	                 0	          0	
 10157992	  20.84527	       -84	         118	            0	                 0	          0	
 10158042	  20.71074	       -83	         117	            0	                 0	          0	
 10158092	  20.70079	       -84	         118	            0	                 0	          0	
 10158142	  20.15012	       -84	         116	            0	                 0	          0	
 10158192	  20.59142	       -83	         118	            0	                 0	          0	
 10158242	  20.93443	       -83	         120	            0	                 0	          0	
 10158292	  20.90689	       -83	         118	            0	                 0	          0	
 10158342	  21.25037	       -83	         119	            0	                 0	          0	
 10158392	  21.34314	       -84	         120	            0	                 0	          0	
 10158442	  21.29841	       -83	         119	            0	                 0	          0	
 10158492	  20.87779	       -84	         117	            0	                 0	          0	
 10158542	  21.00739	       -84	         117	            0	                 0	          0	
 10158592	  21.95329	       -83	         121	            0	                 0	          0	
 10158642	  21.58004	       -83	         121	            0	                 0	          0	
 10158692	  21.12847	       -84	         120	            0	                 0	          0	
 10158742	  21.45473	       -84	         122	            0	                 0	          0	
 10158792	  21.82995	       -82	         123	            0	                 0	          0	
 10158842	  21.53749	       -82	         121	            0	                 0	          0	
 10158892	  20.65668	       -82	         118	            0	                 0	          0	
 10158942	  20.94457	       -82	         119	            0	                 0	          0	
 10158992	   21.2532	       -82	         121	            0	                 0	          0	
 10159042	  20.50809	       -82	         117	            0	                 0	          0	
 10159092	  20.45004	       -82	         117	            0	                 0	          0	
 10159142	  20.65552	       -82	         118	            0	                 0	          0	
 10159192	  20.52288	       -82	         118	            0	                 0	          0	
 10159242	  20.54196	       -82	         118	            0	                 0	          0	
 10159292	  20.15478	       -82	         117	            0	                 0	          0	
 10159342	  20.03089	       -83	         116	            0	                 0	          0	
 10159392	  20.49439	       -83	         117	            0	                 0	          0	
 10159442	  20.55696	       -83	         119	            0	                 0	          0	
 10159492	  19.90033	       -84	         117	            0	                 0	          0	
 10159542	  19.80647	       -83	         115	            0	                 0	          0	
 10159592	   19.9415	       -83	         118	            0	                 0	          0	
 10159642	  19.85765	       -83	         117	            0	                 0	          0	
 10159692	   20.3764	       -83	         119	            0	                 0	          0	
 10159742	  20.88987	       -83	         121	            0	                 0	          0	
 10159792	   20.3609	       -82	         118	            0	                 0	          0	
 10159842	  19.60488	       -80	         115	            0	                 0	          0	
 10159892	   19.4211	       -80	         113	            0	                 0	          0	
 10159942	  19.65584	       -82	         111	            0	                 0	          0	
 10159992	  19.84595	       -81	         114	            0	                 0	          0	
 10160042	  20.22892	       -81	         117	            0	                 0	          0	
 10160092	  20.54114	       -82	         117	            0	                 0	          0	
 10160142	  20.73845	       -81	         119	            0	                 0	          0	
 10160192	  20.89934	       -80	         121	            0	                 0	          0	
 10160242	  20.01042	       -80	         117	            0	                 0	          0	
 10160292	   19.6356	       -80	         114	            0	                 0	          0	
 10160342	  19.70613	       -80	         116	            0	                 0	          0	
 10160392	  19.37616	       -80	         114	            0	                 0	          0	
 10160442	   14.9795	       -79	         109	            0	                 0	          0	
 10160492	  10.39707	       -78	         102	            0	                 0	          0	
 10160542	  8.981896	       -75	         104	            0	                 0	          0	
 10160592	  6.996361	       -75	         102	            0	                 0	          0	
 10160642	  6.560167	       -76	         118	            0	                 0	          0	
 10160692	  5.800106	       -80	         136	            0	                 0	          0	
 10160742	  4.875432	         0	           0	            0	                 0	          0	
