TimeStamp	ForceValue	AxialAngle	LateralAngle	MetalSeverity	InAccurateSeverity	NeedZeroing	
 10010892	  18.57858	       -83	         116	            0	                 0	          0	
 10010942	  18.59342	       -83	         115	            0	                 0	          0	
 10010992	  18.81644	       -85	         116	            0	                 0	          0	
 10011042	  19.22787	       -85	         119	            0	                 0	          0	
 10011092	  19.33037	       -84	         118	            0	                 0	          0	
 10011142	   19.0417	       -83	         117	            0	                 0	          0	
 10011192	  18.68995	       -82	         115	            0	                 0	          0	
 10011242	  18.71048	       -82	         115	            0	                 0	          0	
 10011292	  18.93547	       -83	         116	            0	                 0	          0	
 10011342	   19.1316	       -84	         115	            0	                 0	          0	
 10011392	  19.11332	       -83	         115	            0	                 0	          0	
 10011442	   18.9965	       -84	         117	            0	                 0	          0	
 10011492	  19.12152	       -85	         117	            0	                 0	          0	
 10011542	  19.43924	       -83	         117	            0	                 0	          0	
 10011592	  19.10661	       -82	         116	            0	                 0	          0	
 10011642	  19.04172	       -83	         117	            0	                 0	          0	
 10011692	   19.4031	       -84	         117	            0	                 0	          0	
 10011742	   19.0074	       -84	         117	            0	                 0	          0	
 10011792	  18.85417	       -84	         117	            0	                 0	          0	
 10011842	  18.69066	       -84	         115	            0	                 0	          0	
 10011892	  18.19487	       -83	         114	            0	                 0	          0	
 10011942	  18.35533	       -83	         115	            0	                 0	          0	
 10011992	   18.7649	       -83	         115	            0	                 0	          0	
 10012042	  18.60452	       -83	         114	            0	                 0	          0	
 10012092	  18.62488	       -83	         115	            0	                 0	          0	
 10012142	   18.7112	       -83	         116	            0	                 0	          0	
 10012192	   19.0955	       -84	         117	            0	                 0	          0	
 10012242	  19.52167	       -84	         118	            0	                 0	          0	
 10012292	  19.25778	       -84	         117	            0	                 0	          0	
 10012342	  19.04367	       -83	         115	            0	                 0	          0	
 10012392	  18.87577	       -84	         114	            0	                 0	          0	
 10012442	  18.49488	       -84	         114	            0	                 0	          0	
 10012492	   18.4453	       -84	         114	            0	                 0	          0	
 10012542	  18.78076	       -84	         114	            0	                 0	          0	
 10012592	  18.97441	       -84	         116	            0	                 0	          0	
 10012642	   19.3682	       -84	         120	            0	                 0	          0	
 10012692	  19.52042	       -84	         120	            0	                 0	          0	
 10012742	  19.21046	       -85	         118	            0	                 0	          0	
 10012792	  19.24724	       -85	         118	            0	                 0	          0	
 10012842	  19.05295	       -84	         116	            0	                 0	          0	
 10012892	  18.91962	       -84	         116	            0	                 0	          0	
 10012942	   19.0378	       -84	         116	            0	                 0	          0	
 10012992	  19.06567	       -84	         116	            0	                 0	          0	
 10013042	  19.13944	       -84	         117	            0	                 0	          0	
 10013092	  18.97625	       -84	         117	            0	                 0	          0	
 10013142	  18.81343	       -83	         116	            0	                 0	          0	
 10013192	  18.58772	       -83	         114	            0	                 0	          0	
 10013242	  18.42537	       -84	         113	            0	                 0	          0	
 10013292	  18.74179	       -84	         115	            0	                 0	          0	
 10013342	  18.85556	       -85	         115	            0	                 0	          0	
 10013392	  18.80889	       -85	         115	            0	                 0	          0	
 10013442	  18.88081	       -84	         117	            0	                 0	          0	
 10013492	  18.99405	       -83	         119	            0	                 0	          0	
 10013542	  19.00283	       -83	         119	            0	                 0	          0	
 10013592	  18.83302	       -82	         117	            0	                 0	          0	
 10013642	  18.26912	       -83	         114	            0	                 0	          0	
 10013692	  18.39992	       -83	         113	            0	                 0	          0	
 10013742	  19.05438	       -84	         116	            0	                 0	          0	
 10013792	  18.60923	       -84	         116	            0	                 0	          0	
 10013842	  18.55356	       -83	         116	            0	                 0	          0	
 10013892	  19.04416	       -82	         117	            0	                 0	          0	
 10013942	  18.77859	       -83	         117	            0	                 0	          0	
 10013992	  19.03541	       -84	         119	            0	                 0	          0	
 10014042	   19.2057	       -83	         119	            0	                 0	          0	
 10014092	  18.87595	       -82	         117	            0	                 0	          0	
 10014142	  19.03281	       -83	         116	            0	                 0	          0	
 10014192	  18.88344	       -83	         116	            0	                 0	          0	
 10014242	  18.79156	       -82	         118	            0	                 0	          0	
 10014292	  19.09428	       -83	         119	            0	                 0	          0	
 10014342	  18.85332	       -83	         119	            0	                 0	          0	
 10014392	  18.70648	       -84	         118	            0	                 0	          0	
 10014442	  18.97788	       -83	         117	            0	                 0	          0	
 10014492	  18.80286	       -82	         118	            0	                 0	          0	
 10014542	  18.87601	       -83	         119	            0	                 0	          0	
 10014592	  19.23595	       -83	         118	            0	                 0	          0	
 10014642	  18.65611	       -84	         114	            0	                 0	          0	
 10014692	  18.35703	       -85	         113	            0	                 0	          0	
 10014742	  18.66645	       -84	         116	            0	                 0	          0	
 10014792	  18.99459	       -83	         118	            0	                 0	          0	
 10014842	  18.98644	       -83	         118	            0	                 0	          0	
 10014892	  18.44094	       -84	         115	            0	                 0	          0	
 10014942	  18.05507	       -84	         115	            0	                 0	          0	
 10014992	  18.32114	       -84	         116	            0	                 0	          0	
 10015042	  18.81326	       -84	         117	            0	                 0	          0	
 10015092	  19.11541	       -83	         119	            0	                 0	          0	
 10015142	  19.10169	       -83	         119	            0	                 0	          0	
 10015192	  19.11731	       -83	         120	            0	                 0	          0	
 10015242	  19.28299	       -83	         121	            0	                 0	          0	
 10015292	  18.66368	       -83	         118	            0	                 0	          0	
 10015342	  18.48976	       -84	         117	            0	                 0	          0	
 10015392	  18.61143	       -83	         118	            0	                 0	          0	
 10015442	  18.89867	       -84	         120	            0	                 0	          0	
 10015492	  19.14837	       -84	         121	            0	                 0	          0	
 10015542	  18.64355	       -83	         116	            0	                 0	          0	
 10015592	  18.42215	       -84	         114	            0	                 0	          0	
 10015642	  19.15993	       -84	         119	            0	                 0	          0	
 10015692	  19.10798	       -84	         119	            0	                 0	          0	
 10015742	  18.29745	       -83	         116	            0	                 0	          0	
 10015792	  18.68917	       -83	         116	            0	                 0	          0	
 10015842	  18.83299	       -83	         118	            0	                 0	          0	
 10015892	  18.77477	       -82	         118	            0	                 0	          0	
 10015942	  18.73409	       -83	         117	            0	                 0	          0	
 10015992	  18.65365	       -85	         117	            0	                 0	          0	
 10016042	  18.69615	       -83	         117	            0	                 0	          0	
 10016092	  18.52533	       -81	         117	            0	                 0	          0	
 10016142	  18.56017	       -82	         117	            0	                 0	          0	
 10016192	  18.65776	       -83	         116	            0	                 0	          0	
 10016242	  18.88615	       -84	         117	            0	                 0	          0	
 10016292	  19.17518	       -84	         117	            0	                 0	          0	
 10016342	  19.13019	       -83	         116	            0	                 0	          0	
 10016392	  18.80448	       -83	         117	            0	                 0	          0	
 10016442	  18.42582	       -84	         117	            0	                 0	          0	
 10016492	  18.57078	       -84	         117	            0	                 0	          0	
 10016542	  18.95551	       -83	         117	            0	                 0	          0	
 10016592	  18.80959	       -83	         118	            0	                 0	          0	
 10016642	  18.64379	       -84	         118	            0	                 0	          0	
 10016692	  18.71865	       -84	         118	            0	                 0	          0	
 10016742	   18.5466	       -83	         117	            0	                 0	          0	
 10016792	  18.56999	       -83	         117	            0	                 0	          0	
 10016842	  18.95127	       -84	         118	            0	                 0	          0	
 10016892	  18.61136	       -84	         116	            0	                 0	          0	
 10016942	  18.46427	       -84	         116	            0	                 0	          0	
 10016992	  18.42047	       -83	         117	            0	                 0	          0	
 10017042	   18.7494	       -83	         119	            0	                 0	          0	
 10017092	  19.23184	       -84	         119	            0	                 0	          0	
 10017142	  18.94976	       -84	         117	            0	                 0	          0	
 10017192	   18.4287	       -83	         116	            0	                 0	          0	
 10017242	  17.98264	       -84	         114	            0	                 0	          0	
 10017292	  18.67151	       -84	         117	            0	                 0	          0	
 10017342	  19.54439	       -83	         121	            0	                 0	          0	
 10017392	  19.24656	       -83	         119	            0	                 0	          0	
 10017442	  19.22896	       -83	         120	            0	                 0	          0	
 10017492	  19.35998	       -84	         120	            0	                 0	          0	
 10017542	  19.03026	       -83	         118	            0	                 0	          0	
 10017592	  18.81883	       -83	         119	            0	                 0	          0	
 10017642	  18.81345	       -83	         118	            0	                 0	          0	
 10017692	  18.88183	       -84	         118	            0	                 0	          0	
 10017742	  19.15871	       -84	         121	            0	                 0	          0	
 10017792	   19.4829	       -83	         121	            0	                 0	          0	
 10017842	  19.03924	       -84	         118	            0	                 0	          0	
 10017892	  18.70133	       -85	         117	            0	                 0	          0	
 10017942	  18.91393	       -84	         120	            0	                 0	          0	
 10017992	  19.37198	       -83	         121	            0	                 0	          0	
 10018042	  19.24642	       -84	         120	            0	                 0	          0	
 10018092	  18.85815	       -84	         117	            0	                 0	          0	
 10018142	  18.80664	       -83	         118	            0	                 0	          0	
 10018192	  18.24843	       -84	         117	            0	                 0	          0	
 10018242	  18.01669	       -85	         116	            0	                 0	          0	
 10018292	  18.39282	       -84	         118	            0	                 0	          0	
 10018342	  18.23949	       -83	         116	            0	                 0	          0	
 10018392	  18.53591	       -83	         116	            0	                 0	          0	
 10018442	  18.78573	       -83	         117	            0	                 0	          0	
 10018492	   17.9801	       -82	         114	            0	                 0	          0	
 10018542	  17.88903	       -82	         114	            0	                 0	          0	
 10018592	  18.19318	       -82	         115	            0	                 0	          0	
 10018642	  18.18559	       -83	         115	            0	                 0	          0	
 10018692	  18.49304	       -83	         117	            0	                 0	          0	
 10018742	  18.87842	       -83	         117	            0	                 0	          0	
 10018792	  18.84976	       -83	         117	            0	                 0	          0	
 10018842	  18.61914	       -84	         118	            0	                 0	          0	
 10018892	  18.64062	       -84	         119	            0	                 0	          0	
 10018942	  18.76491	       -83	         121	            0	                 0	          0	
 10018992	  18.46304	       -82	         120	            0	                 0	          0	
 10019042	  18.10194	       -83	         117	            0	                 0	          0	
 10019092	  18.95559	       -84	         118	            0	                 0	          0	
 10019142	  19.05541	       -83	         118	            0	                 0	          0	
 10019192	  18.30403	       -83	         117	            0	                 0	          0	
 10019242	  18.27569	       -84	         117	            0	                 0	          0	
 10019292	  18.33439	       -83	         115	            0	                 0	          0	
 10019342	  18.70599	       -83	         117	            0	                 0	          0	
 10019392	  19.14928	       -83	         119	            0	                 0	          0	
 10019442	  19.48267	       -83	         122	            0	                 0	          0	
 10019492	  19.43205	       -84	         121	            0	                 0	          0	
 10019542	  19.26614	       -84	         121	            0	                 0	          0	
 10019592	  18.91829	       -84	         120	            0	                 0	          0	
 10019642	  18.48044	       -83	         117	            0	                 0	          0	
 10019692	  18.74527	       -83	         118	            0	                 0	          0	
 10019742	  18.67953	       -82	         119	            0	                 0	          0	
 10019792	   18.9523	       -83	         119	            0	                 0	          0	
 10019842	  19.25503	       -83	         119	            0	                 0	          0	
 10019892	  19.07818	       -83	         119	            0	                 0	          0	
 10019942	  18.82269	       -83	         119	            0	                 0	          0	
 10019992	  18.18715	       -83	         115	            0	                 0	          0	
 10020042	   18.8015	       -83	         119	            0	                 0	          0	
 10020092	  19.03975	       -84	         120	            0	                 0	          0	
 10020142	  18.24874	       -84	         117	            0	                 0	          0	
 10020192	  18.32966	       -84	         117	            0	                 0	          0	
 10020242	  18.65604	       -83	         116	            0	                 0	          0	
 10020292	  18.27285	       -83	         116	            0	                 0	          0	
 10020342	  18.37895	       -84	         119	            0	                 0	          0	
 10020392	  18.65681	       -84	         118	            0	                 0	          0	
 10020442	  18.32187	       -83	         117	            0	                 0	          0	
 10020492	  18.23215	       -83	         117	            0	                 0	          0	
 10020542	  18.61604	       -83	         117	            0	                 0	          0	
 10020592	  19.13824	       -83	         118	            0	                 0	          0	
 10020642	  18.78567	       -83	         118	            0	                 0	          0	
 10020692	  18.50094	       -83	         117	            0	                 0	          0	
 10020742	  18.68584	       -83	         118	            0	                 0	          0	
 10020792	  18.15103	       -84	         115	            0	                 0	          0	
 10020842	  18.03772	       -83	         116	            0	                 0	          0	
 10020892	   18.7382	       -82	         118	            0	                 0	          0	
 10020942	  18.61737	       -83	         117	            0	                 0	          0	
 10020992	  18.43447	       -83	         118	            0	                 0	          0	
 10021042	  18.83429	       -82	         120	            0	                 0	          0	
 10021092	  18.81695	       -83	         120	            0	                 0	          0	
 10021142	  18.07021	       -83	         115	            0	                 0	          0	
 10021192	  17.85242	       -82	         113	            0	                 0	          0	
 10021242	  18.42452	       -83	         117	            0	                 0	          0	
 10021292	  18.58057	       -83	         117	            0	                 0	          0	
 10021342	  18.63136	       -84	         118	            0	                 0	          0	
 10021392	  18.59599	       -84	         119	            0	                 0	          0	
 10021442	  18.30987	       -84	         118	            0	                 0	          0	
 10021492	  18.41126	       -84	         117	            0	                 0	          0	
 10021542	  18.21626	       -83	         118	            0	                 0	          0	
 10021592	  18.04524	       -83	         116	            0	                 0	          0	
 10021642	  18.27859	       -83	         116	            0	                 0	          0	
 10021692	  18.26924	       -84	         117	            0	                 0	          0	
 10021742	   18.1662	       -83	         115	            0	                 0	          0	
 10021792	  18.78621	       -82	         118	            0	                 0	          0	
 10021842	  18.80494	       -82	         119	            0	                 0	          0	
 10021892	  18.23858	       -83	         116	            0	                 0	          0	
 10021942	  18.45353	       -83	         117	            0	                 0	          0	
 10021992	  18.43312	       -84	         118	            0	                 0	          0	
 10022042	  18.65807	       -84	         117	            0	                 0	          0	
 10022092	  18.54645	       -84	         117	            0	                 0	          0	
 10022142	  18.11552	       -83	         116	            0	                 0	          0	
 10022192	  18.38513	       -83	         116	            0	                 0	          0	
 10022242	   18.7934	       -84	         118	            0	                 0	          0	
 10022292	  18.48045	       -83	         116	            0	                 0	          0	
 10022342	  18.16311	       -83	         115	            0	                 0	          0	
 10022392	  18.60103	       -84	         118	            0	                 0	          0	
 10022442	  18.88528	       -84	         119	            0	                 0	          0	
 10022492	  18.50261	       -84	         120	            0	                 0	          0	
 10022542	  18.26577	       -84	         117	            0	                 0	          0	
 10022592	  18.58139	       -82	         117	            0	                 0	          0	
 10022642	    18.911	       -83	         119	            0	                 0	          0	
 10022692	  19.04105	       -83	         120	            0	                 0	          0	
 10022742	  18.67212	       -83	         119	            0	                 0	          0	
 10022792	  18.55044	       -83	         118	            0	                 0	          0	
 10022842	   18.6138	       -82	         117	            0	                 0	          0	
 10022892	  18.39734	       -83	         117	            0	                 0	          0	
 10022942	  18.66633	       -84	         119	            0	                 0	          0	
 10022992	  18.12152	       -83	         117	            0	                 0	          0	
 10023042	  17.81078	       -83	         114	            0	                 0	          0	
 10023092	  18.00795	       -83	         117	            0	                 0	          0	
 10023142	  18.42712	       -83	         120	            0	                 0	          0	
 10023192	  18.75176	       -83	         119	            0	                 0	          0	
 10023242	  18.53524	       -83	         117	            0	                 0	          0	
 10023292	  18.65866	       -84	         118	            0	                 0	          0	
 10023342	  18.52908	       -83	         119	            0	                 0	          0	
 10023392	  18.24416	       -82	         118	            0	                 0	          0	
 10023442	  18.33995	       -83	         118	            0	                 0	          0	
 10023492	  18.45131	       -83	         117	            0	                 0	          0	
 10023542	  18.50099	       -83	         118	            0	                 0	          0	
 10023592	   18.8001	       -83	         119	            0	                 0	          0	
 10023642	  18.78985	       -83	         120	            0	                 0	          0	
 10023692	  18.74111	       -83	         122	            0	                 0	          0	
 10023742	  18.45518	       -83	         121	            0	                 0	          0	
 10023792	  18.15054	       -83	         118	            0	                 0	          0	
 10023842	  18.40347	       -83	         117	            0	                 0	          0	
 10023892	  18.75518	       -82	         118	            0	                 0	          0	
 10023942	  18.64797	       -83	         118	            0	                 0	          0	
 10023992	  18.63901	       -83	         118	            0	                 0	          0	
 10024042	  18.70845	       -83	         120	            0	                 0	          0	
 10024092	  18.64898	       -84	         120	            0	                 0	          0	
 10024142	  18.81652	       -84	         121	            0	                 0	          0	
 10024192	    19.061	       -82	         122	            0	                 0	          0	
 10024242	  18.80475	       -83	         119	            0	                 0	          0	
 10024292	  18.30399	       -83	         115	            0	                 0	          0	
 10024342	  18.43841	       -82	         116	            0	                 0	          0	
 10024392	  18.55777	       -83	         118	            0	                 0	          0	
 10024442	  18.41604	       -83	         117	            0	                 0	          0	
 10024492	  18.36309	       -83	         117	            0	                 0	          0	
 10024542	  18.29791	       -83	         118	            0	                 0	          0	
 10024592	  18.13051	       -83	         118	            0	                 0	          0	
 10024642	  17.76091	       -83	         116	            0	                 0	          0	
 10024692	  17.75482	       -83	         115	            0	                 0	          0	
 10024742	  18.02306	       -84	         116	            0	                 0	          0	
 10024792	  18.54308	       -84	         118	            0	                 0	          0	
 10024842	  18.57236	       -83	         117	            0	                 0	          0	
 10024892	  18.46318	       -82	         117	            0	                 0	          0	
 10024942	  18.51468	       -83	         120	            0	                 0	          0	
 10024992	  18.22421	       -84	         118	            0	                 0	          0	
 10025042	  18.13281	       -83	         117	            0	                 0	          0	
 10025092	   18.2779	       -82	         118	            0	                 0	          0	
 10025142	  18.65098	       -83	         118	            0	                 0	          0	
 10025192	  18.59482	       -83	         119	            0	                 0	          0	
 10025242	  18.39712	       -83	         119	            0	                 0	          0	
 10025292	  18.49126	       -83	         117	            0	                 0	          0	
 10025342	  17.95813	       -83	         115	            0	                 0	          0	
 10025392	  17.92611	       -84	         116	            0	                 0	          0	
 10025442	  18.34632	       -83	         119	            0	                 0	          0	
 10025492	  18.46058	       -82	         119	            0	                 0	          0	
 10025542	  18.62906	       -83	         120	            0	                 0	          0	
 10025592	  18.21331	       -84	         120	            0	                 0	          0	
 10025642	  18.51073	       -84	         121	            0	                 0	          0	
 10025692	  18.67688	       -84	         121	            0	                 0	          0	
 10025742	  18.71267	       -85	         121	            0	                 0	          0	
 10025792	  19.10713	       -84	         122	            0	                 0	          0	
 10025842	  18.70613	       -82	         119	            0	                 0	          0	
 10025892	  18.64954	       -82	         118	            0	                 0	          0	
 10025942	   18.5695	       -84	         116	            0	                 0	          0	
 10025992	  18.62154	       -83	         117	            0	                 0	          0	
 10026042	  18.53642	       -84	         118	            0	                 0	          0	
 10026092	  17.91402	       -83	         115	            0	                 0	          0	
 10026142	  18.14127	       -82	         116	            0	                 0	          0	
 10026192	  18.34262	       -83	         117	            0	                 0	          0	
 10026242	  18.35145	       -83	         117	            0	                 0	          0	
 10026292	  18.53463	       -82	         118	            0	                 0	          0	
 10026342	  18.26987	       -83	         118	            0	                 0	          0	
 10026392	  18.22646	       -84	         118	            0	                 0	          0	
 10026442	  18.67143	       -84	         120	            0	                 0	          0	
 10026492	  18.47855	       -84	         119	            0	                 0	          0	
 10026542	   17.9964	       -83	         118	            0	                 0	          0	
 10026592	  17.84624	       -83	         116	            0	                 0	          0	
 10026642	   18.2855	       -83	         119	            0	                 0	          0	
 10026692	   18.6531	       -83	         120	            0	                 0	          0	
 10026742	  18.45831	       -83	         118	            0	                 0	          0	
 10026792	  18.32664	       -83	         117	            0	                 0	          0	
 10026842	  18.20313	       -84	         116	            0	                 0	          0	
 10026892	  18.54538	       -84	         119	            0	                 0	          0	
 10026942	  18.80245	       -84	         121	            0	                 0	          0	
 10026992	  18.56514	       -85	         120	            0	                 0	          0	
 10027042	  18.20414	       -83	         119	            0	                 0	          0	
 10027092	  18.24036	       -83	         117	            0	                 0	          0	
 10027142	  18.19321	       -83	         116	            0	                 0	          0	
 10027192	  18.14463	       -83	         117	            0	                 0	          0	
 10027242	  18.55367	       -83	         120	            0	                 0	          0	
 10027292	  18.30001	       -83	         118	            0	                 0	          0	
 10027342	  17.95738	       -83	         115	            0	                 0	          0	
 10027392	  18.45218	       -83	         118	            0	                 0	          0	
 10027442	  18.33408	       -83	         117	            0	                 0	          0	
 10027492	  17.82637	       -84	         114	            0	                 0	          0	
 10027542	  18.37701	       -84	         117	            0	                 0	          0	
 10027592	  18.52645	       -83	         119	            0	                 0	          0	
 10027642	  18.59896	       -83	         119	            0	                 0	          0	
 10027692	  18.72507	       -84	         119	            0	                 0	          0	
 10027742	  18.37703	       -83	         117	            0	                 0	          0	
 10027792	  18.48986	       -83	         117	            0	                 0	          0	
 10027842	  18.30457	       -83	         117	            0	                 0	          0	
 10027892	  17.94557	       -83	         117	            0	                 0	          0	
 10027942	  17.92657	       -83	         117	            0	                 0	          0	
 10027992	  18.18804	       -83	         117	            0	                 0	          0	
 10028042	  18.46557	       -83	         118	            0	                 0	          0	
 10028092	  18.60899	       -82	         119	            0	                 0	          0	
 10028142	  18.34524	       -83	         119	            0	                 0	          0	
 10028192	  18.49779	       -83	         120	            0	                 0	          0	
 10028242	  18.49962	       -83	         119	            0	                 0	          0	
 10028292	    18.329	       -83	         118	            0	                 0	          0	
 10028342	  18.20677	       -83	         116	            0	                 0	          0	
 10028392	  17.87504	       -84	         115	            0	                 0	          0	
 10028442	  17.77909	       -84	         116	            0	                 0	          0	
 10028492	  17.72285	       -82	         116	            0	                 0	          0	
 10028542	  18.14925	       -82	         119	            0	                 0	          0	
 10028592	  18.37217	       -82	         119	            0	                 0	          0	
 10028642	  17.87598	       -83	         116	            0	                 0	          0	
 10028692	  17.78525	       -83	         116	            0	                 0	          0	
 10028742	  18.07201	       -83	         118	            0	                 0	          0	
 10028792	  18.20111	       -83	         119	            0	                 0	          0	
 10028842	  18.60301	       -83	         121	            0	                 0	          0	
 10028892	  18.35228	       -84	         120	            0	                 0	          0	
 10028942	  18.30037	       -84	         118	            0	                 0	          0	
 10028992	  18.27552	       -84	         116	            0	                 0	          0	
 10029042	   18.3115	       -83	         118	            0	                 0	          0	
 10029092	  18.44663	       -83	         120	            0	                 0	          0	
 10029142	  18.11022	       -83	         117	            0	                 0	          0	
 10029192	  17.94322	       -84	         116	            0	                 0	          0	
 10029242	  17.64016	       -84	         115	            0	                 0	          0	
 10029292	  17.89818	       -84	         115	            0	                 0	          0	
 10029342	  18.21109	       -83	         118	            0	                 0	          0	
 10029392	  18.01486	       -83	         118	            0	                 0	          0	
 10029442	  18.07781	       -84	         118	            0	                 0	          0	
 10029492	  18.08637	       -84	         117	            0	                 0	          0	
 10029542	  18.24755	       -84	         117	            0	                 0	          0	
 10029592	  18.25148	       -84	         117	            0	                 0	          0	
 10029642	  18.20526	       -83	         116	            0	                 0	          0	
 10029692	  18.39351	       -83	         118	            0	                 0	          0	
 10029742	  18.16506	       -83	         120	            0	                 0	          0	
 10029792	  18.23772	       -84	         120	            0	                 0	          0	
 10029842	  18.18389	       -83	         119	            0	                 0	          0	
 10029892	   18.3734	       -83	         119	            0	                 0	          0	
 10029942	  18.39993	       -84	         119	            0	                 0	          0	
 10029992	   17.8753	       -83	         117	            0	                 0	          0	
 10030042	  17.89612	       -84	         116	            0	                 0	          0	
 10030092	  17.94355	       -84	         115	            0	                 0	          0	
 10030142	  17.98198	       -84	         115	            0	                 0	          0	
 10030192	  18.16222	       -84	         118	            0	                 0	          0	
 10030242	  18.11696	       -83	         119	            0	                 0	          0	
 10030292	  18.23768	       -82	         120	            0	                 0	          0	
 10030342	  18.67305	       -83	         121	            0	                 0	          0	
 10030392	  18.37288	       -84	         120	            0	                 0	          0	
 10030442	  18.06151	       -83	         117	            0	                 0	          0	
 10030492	  17.61494	       -83	         114	            0	                 0	          0	
 10030542	  17.16517	       -83	         114	            0	                 0	          0	
 10030592	  17.86616	       -83	         116	            0	                 0	          0	
 10030642	  18.25611	       -84	         118	            0	                 0	          0	
 10030692	  18.07438	       -84	         118	            0	                 0	          0	
 10030742	  18.04247	       -84	         117	            0	                 0	          0	
 10030792	  18.30307	       -83	         117	            0	                 0	          0	
 10030842	  18.41916	       -83	         118	            0	                 0	          0	
 10030892	  18.10832	       -83	         118	            0	                 0	          0	
 10030942	  17.79708	       -83	         114	            0	                 0	          0	
 10030992	  17.59398	       -83	         114	            0	                 0	          0	
 10031042	  17.83887	       -83	         117	            0	                 0	          0	
 10031092	  18.16975	       -83	         119	            0	                 0	          0	
 10031142	  17.86189	       -82	         116	            0	                 0	          0	
 10031192	  18.29004	       -81	         118	            0	                 0	          0	
 10031242	  18.60776	       -82	         119	            0	                 0	          0	
 10031292	  17.95764	       -83	         116	            0	                 0	          0	
 10031342	  18.05064	       -84	         115	            0	                 0	          0	
 10031392	  18.23241	       -84	         116	            0	                 0	          0	
 10031442	  18.04044	       -84	         117	            0	                 0	          0	
 10031492	  17.76658	       -84	         117	            0	                 0	          0	
 10031542	  18.10866	       -83	         118	            0	                 0	          0	
 10031592	  18.41414	       -83	         120	            0	                 0	          0	
 10031642	  18.09493	       -84	         118	            0	                 0	          0	
 10031692	  18.07686	       -83	         117	            0	                 0	          0	
 10031742	  18.04599	       -83	         118	            0	                 0	          0	
 10031792	  18.54531	       -83	         122	            0	                 0	          0	
 10031842	  18.60515	       -82	         121	            0	                 0	          0	
 10031892	  18.08912	       -83	         117	            0	                 0	          0	
 10031942	  17.90514	       -83	         116	            0	                 0	          0	
 10031992	  17.69634	       -83	         116	            0	                 0	          0	
 10032042	  18.05236	       -83	         119	            0	                 0	          0	
 10032092	  17.95316	       -83	         118	            0	                 0	          0	
 10032142	  17.92685	       -82	         118	            0	                 0	          0	
 10032192	  17.96358	       -82	         119	            0	                 0	          0	
 10032242	  17.82866	       -82	         117	            0	                 0	          0	
 10032292	  18.22594	       -82	         118	            0	                 0	          0	
 10032342	  17.98567	       -82	         118	            0	                 0	          0	
 10032392	  17.14289	       -83	         115	            0	                 0	          0	
 10032442	  17.66676	       -83	         117	            0	                 0	          0	
 10032492	  18.66097	       -83	         121	            0	                 0	          0	
 10032542	  18.17631	       -84	         119	            0	                 0	          0	
 10032592	  17.86172	       -85	         115	            0	                 0	          0	
 10032642	  18.04198	       -83	         117	            0	                 0	          0	
 10032692	  18.24105	       -82	         120	            0	                 0	          0	
 10032742	  18.61915	       -82	         121	            0	                 0	          0	
 10032792	  18.21685	       -83	         119	            0	                 0	          0	
 10032842	  17.71012	       -83	         117	            0	                 0	          0	
 10032892	  18.00467	       -83	         118	            0	                 0	          0	
 10032942	  17.63501	       -83	         115	            0	                 0	          0	
 10032992	  17.59638	       -82	         115	            0	                 0	          0	
 10033042	  18.17906	       -82	         119	            0	                 0	          0	
 10033092	  18.12538	       -83	         119	            0	                 0	          0	
 10033142	  17.89845	       -83	         117	            0	                 0	          0	
 10033192	  18.06112	       -82	         117	            0	                 0	          0	
 10033242	   18.1767	       -83	         116	            0	                 0	          0	
 10033292	  17.84363	       -83	         116	            0	                 0	          0	
 10033342	   17.9972	       -82	         118	            0	                 0	          0	
 10033392	  18.12831	       -82	         119	            0	                 0	          0	
 10033442	  18.00435	       -84	         118	            0	                 0	          0	
 10033492	  18.02286	       -84	         117	            0	                 0	          0	
 10033542	  18.02353	       -82	         119	            0	                 0	          0	
 10033592	  18.30528	       -84	         120	            0	                 0	          0	
 10033642	   18.1178	       -85	         119	            0	                 0	          0	
 10033692	  18.31939	       -85	         119	            0	                 0	          0	
 10033742	  18.44861	       -84	         119	            0	                 0	          0	
 10033792	  17.62263	       -83	         116	            0	                 0	          0	
 10033842	  17.12865	       -83	         114	            0	                 0	          0	
 10033892	   17.3299	       -83	         114	            0	                 0	          0	
 10033942	  17.58664	       -84	         116	            0	                 0	          0	
 10033992	  17.98254	       -83	         118	            0	                 0	          0	
 10034042	  18.10777	       -83	         119	            0	                 0	          0	
 10034092	  17.87648	       -83	         117	            0	                 0	          0	
 10034142	  18.15882	       -84	         116	            0	                 0	          0	
 10034192	  17.98174	       -83	         116	            0	                 0	          0	
 10034242	  17.62429	       -83	         116	            0	                 0	          0	
 10034292	  17.75775	       -84	         118	            0	                 0	          0	
 10034342	  17.74569	       -83	         116	            0	                 0	          0	
 10034392	  18.14886	       -83	         116	            0	                 0	          0	
 10034442	  17.92954	       -84	         116	            0	                 0	          0	
 10034492	  17.68655	       -83	         115	            0	                 0	          0	
 10034542	  18.24547	       -82	         119	            0	                 0	          0	
 10034592	  18.60698	       -83	         122	            0	                 0	          0	
 10034642	  18.33861	       -84	         120	            0	                 0	          0	
 10034692	   18.1453	       -84	         119	            0	                 0	          0	
 10034742	  17.99648	       -84	         118	            0	                 0	          0	
 10034792	  17.90484	       -84	         118	            0	                 0	          0	
 10034842	  17.98545	       -83	         117	            0	                 0	          0	
 10034892	   17.8544	       -83	         117	            0	                 0	          0	
 10034942	   18.1796	       -84	         118	            0	                 0	          0	
 10034992	  18.06956	       -83	         117	            0	                 0	          0	
 10035042	  17.72604	       -82	         115	            0	                 0	          0	
 10035092	  17.98439	       -82	         118	            0	                 0	          0	
 10035142	  18.10024	       -83	         119	            0	                 0	          0	
 10035192	  17.88435	       -84	         117	            0	                 0	          0	
 10035242	  17.95247	       -84	         117	            0	                 0	          0	
 10035292	  18.01289	       -83	         117	            0	                 0	          0	
 10035342	  17.64244	       -84	         116	            0	                 0	          0	
 10035392	  17.63821	       -83	         118	            0	                 0	          0	
 10035442	  18.01451	       -82	         117	            0	                 0	          0	
 10035492	  17.69898	       -82	         115	            0	                 0	          0	
 10035542	  17.31715	       -83	         116	            0	                 0	          0	
 10035592	  17.41334	       -83	         116	            0	                 0	          0	
 10035642	   17.3763	       -84	         114	            0	                 0	          0	
 10035692	   17.7503	       -84	         119	            0	                 0	          0	
 10035742	  18.04643	       -83	         119	            0	                 0	          0	
 10035792	   17.8794	       -84	         118	            0	                 0	          0	
 10035842	  18.02957	       -84	         119	            0	                 0	          0	
 10035892	  18.38331	       -83	         119	            0	                 0	          0	
 10035942	  18.42342	       -83	         120	            0	                 0	          0	
 10035992	  18.22372	       -82	         119	            0	                 0	          0	
 10036042	  18.17858	       -83	         120	            0	                 0	          0	
 10036092	  18.16887	       -83	         119	            0	                 0	          0	
 10036142	  18.15301	       -83	         119	            0	                 0	          0	
 10036192	  17.94562	       -83	         118	            0	                 0	          0	
 10036242	  17.78557	       -83	         117	            0	                 0	          0	
 10036292	  17.87395	       -83	         117	            0	                 0	          0	
 10036342	  17.78049	       -84	         116	            0	                 0	          0	
 10036392	  17.64042	       -84	         115	            0	                 0	          0	
 10036442	  17.69374	       -84	         115	            0	                 0	          0	
 10036492	  17.62546	       -84	         116	            0	                 0	          0	
 10036542	  17.78622	       -84	         116	            0	                 0	          0	
 10036592	  18.08322	       -83	         118	            0	                 0	          0	
 10036642	   17.8244	       -82	         117	            0	                 0	          0	
 10036692	  18.16615	       -83	         118	            0	                 0	          0	
 10036742	  18.53843	       -83	         120	            0	                 0	          0	
 10036792	   18.0994	       -83	         119	            0	                 0	          0	
 10036842	  18.01998	       -84	         118	            0	                 0	          0	
 10036892	  17.82998	       -83	         115	            0	                 0	          0	
 10036942	  17.63542	       -82	         114	            0	                 0	          0	
 10036992	  17.40334	       -82	         116	            0	                 0	          0	
 10037042	  17.17397	       -84	         115	            0	                 0	          0	
 10037092	  17.45894	       -84	         115	            0	                 0	          0	
 10037142	  17.95467	       -82	         117	            0	                 0	          0	
 10037192	  18.23499	       -83	         118	            0	                 0	          0	
 10037242	   17.8004	       -83	         117	            0	                 0	          0	
 10037292	  17.63182	       -83	         116	            0	                 0	          0	
 10037342	  18.35896	       -84	         117	            0	                 0	          0	
 10037392	  18.06891	       -84	         118	            0	                 0	          0	
 10037442	  17.68569	       -83	         118	            0	                 0	          0	
 10037492	  18.04155	       -82	         118	            0	                 0	          0	
 10037542	    17.649	       -83	         115	            0	                 0	          0	
 10037592	  17.21292	       -83	         111	            0	                 0	          0	
 10037642	  17.57676	       -84	         115	            0	                 0	          0	
 10037692	  17.73275	       -84	         120	            0	                 0	          0	
 10037742	   17.8181	       -84	         119	            0	                 0	          0	
 10037792	  18.08372	       -83	         119	            0	                 0	          0	
 10037842	  17.85657	       -84	         118	            0	                 0	          0	
 10037892	  18.25089	       -83	         119	            0	                 0	          0	
 10037942	  18.50839	       -83	         120	            0	                 0	          0	
 10037992	  17.99935	       -83	         117	            0	                 0	          0	
 10038042	  18.03291	       -83	         117	            0	                 0	          0	
 10038092	  18.42279	       -84	         120	            0	                 0	          0	
 10038142	  18.77646	       -84	         122	            0	                 0	          0	
 10038192	  18.72451	       -84	         121	            0	                 0	          0	
 10038242	  18.36446	       -83	         119	            0	                 0	          0	
 10038292	  18.24056	       -82	         119	            0	                 0	          0	
 10038342	  18.00781	       -82	         119	            0	                 0	          0	
 10038392	  17.97708	       -82	         117	            0	                 0	          0	
 10038442	  18.14163	       -83	         117	            0	                 0	          0	
 10038492	  18.14445	       -83	         119	            0	                 0	          0	
 10038542	  17.94185	       -83	         117	            0	                 0	          0	
 10038592	  17.73051	       -82	         115	            0	                 0	          0	
 10038642	  17.55025	       -83	         115	            0	                 0	          0	
 10038692	  17.87807	       -83	         118	            0	                 0	          0	
 10038742	  18.27991	       -83	         120	            0	                 0	          0	
 10038792	  18.10805	       -83	         119	            0	                 0	          0	
 10038842	  17.75921	       -84	         117	            0	                 0	          0	
 10038892	  18.12329	       -84	         120	            0	                 0	          0	
 10038942	  17.99938	       -83	         119	            0	                 0	          0	
 10038992	  17.58346	       -83	         118	            0	                 0	          0	
 10039042	  17.67569	       -83	         119	            0	                 0	          0	
 10039092	   17.8208	       -82	         117	            0	                 0	          0	
 10039142	  18.00836	       -82	         115	            0	                 0	          0	
 10039192	  18.17287	       -83	         117	            0	                 0	          0	
 10039242	   18.2522	       -84	         119	            0	                 0	          0	
 10039292	  17.83684	       -83	         118	            0	                 0	          0	
 10039342	  17.58862	       -82	         119	            0	                 0	          0	
 10039392	  17.78221	       -83	         120	            0	                 0	          0	
 10039442	  18.20382	       -84	         120	            0	                 0	          0	
 10039492	  18.28692	       -84	         119	            0	                 0	          0	
 10039542	  18.12377	       -84	         118	            0	                 0	          0	
 10039592	  18.44534	       -83	         120	            0	                 0	          0	
 10039642	  18.18654	       -84	         119	            0	                 0	          0	
 10039692	  17.56811	       -84	         115	            0	                 0	          0	
 10039742	  17.59198	       -84	         115	            0	                 0	          0	
 10039792	  18.05839	       -83	         119	            0	                 0	          0	
 10039842	  17.87052	       -84	         119	            0	                 0	          0	
 10039892	  17.42515	       -84	         117	            0	                 0	          0	
 10039942	  17.73952	       -83	         116	            0	                 0	          0	
 10039992	  18.33957	       -83	         120	            0	                 0	          0	
 10040042	  18.26416	       -83	         119	            0	                 0	          0	
 10040092	  18.00919	       -82	         119	            0	                 0	          0	
 10040142	  17.99705	       -83	         120	            0	                 0	          0	
 10040192	  17.47535	       -83	         116	            0	                 0	          0	
 10040242	  17.55041	       -82	         115	            0	                 0	          0	
 10040292	  18.01996	       -82	         119	            0	                 0	          0	
 10040342	  18.08015	       -83	         119	            0	                 0	          0	
 10040392	  18.30379	       -84	         118	            0	                 0	          0	
 10040442	  18.37006	       -83	         120	            0	                 0	          0	
 10040492	  18.01517	       -82	         119	            0	                 0	          0	
 10040542	  18.07818	       -82	         119	            0	                 0	          0	
 10040592	  17.81463	       -81	         117	            0	                 0	          0	
 10040642	  17.78931	       -82	         118	            0	                 0	          0	
 10040692	  17.73102	       -83	         119	            0	                 0	          0	
 10040742	  17.68331	       -83	         118	            0	                 0	          0	
 10040792	  18.09067	       -84	         119	            0	                 0	          0	
 10040842	  18.32771	       -83	         119	            0	                 0	          0	
 10040892	   18.1253	       -83	         118	            0	                 0	          0	
 10040942	  17.89036	       -83	         117	            0	                 0	          0	
 10040992	  17.71519	       -83	         117	            0	                 0	          0	
 10041042	   17.7506	       -82	         117	            0	                 0	          0	
 10041092	  17.73144	       -83	         116	            0	                 0	          0	
 10041142	  17.67705	       -83	         117	            0	                 0	          0	
 10041192	  18.18967	       -83	         119	            0	                 0	          0	
 10041242	  18.31409	       -84	         120	            0	                 0	          0	
 10041292	  18.17603	       -83	         119	            0	                 0	          0	
 10041342	  18.45078	       -82	         120	            0	                 0	          0	
 10041392	  17.65891	       -82	         116	            0	                 0	          0	
 10041442	  17.44948	       -83	         115	            0	                 0	          0	
 10041492	  18.40513	       -83	         119	            0	                 0	          0	
 10041542	  18.08011	       -84	         118	            0	                 0	          0	
 10041592	  17.29542	       -84	         114	            0	                 0	          0	
 10041642	    17.453	       -84	         114	            0	                 0	          0	
 10041692	  18.14386	       -83	         120	            0	                 0	          0	
 10041742	  17.83471	       -83	         120	            0	                 0	          0	
 10041792	   17.8681	       -83	         118	            0	                 0	          0	
 10041842	  18.47289	       -83	         119	            0	                 0	          0	
 10041892	  18.13301	       -83	         120	            0	                 0	          0	
 10041942	  18.03288	       -84	         119	            0	                 0	          0	
 10041992	  18.02634	       -83	         119	            0	                 0	          0	
 10042042	  17.99036	       -83	         121	            0	                 0	          0	
 10042092	  17.99993	       -83	         118	            0	                 0	          0	
 10042142	  17.98201	       -84	         117	            0	                 0	          0	
 10042192	   17.9039	       -83	         117	            0	                 0	          0	
 10042242	  17.91822	       -82	         117	            0	                 0	          0	
 10042292	  18.32057	       -84	         118	            0	                 0	          0	
 10042342	  18.39198	       -83	         118	            0	                 0	          0	
 10042392	  17.94206	       -82	         115	            0	                 0	          0	
 10042442	  17.73459	       -82	         117	            0	                 0	          0	
 10042492	  17.82076	       -83	         120	            0	                 0	          0	
 10042542	  17.63886	       -83	         119	            0	                 0	          0	
 10042592	  17.87424	       -83	         118	            0	                 0	          0	
 10042642	  17.92216	       -84	         117	            0	                 0	          0	
 10042692	  17.60104	       -85	         116	            0	                 0	          0	
 10042742	  17.77627	       -84	         117	            0	                 0	          0	
 10042792	  18.16797	       -84	         120	            0	                 0	          0	
 10042842	   17.7385	       -83	         119	            0	                 0	          0	
 10042892	  17.45827	       -82	         116	            0	                 0	          0	
 10042942	  17.86751	       -83	         118	            0	                 0	          0	
 10042992	  18.02295	       -84	         119	            0	                 0	          0	
 10043042	  17.65348	       -84	         117	            0	                 0	          0	
 10043092	  17.66631	       -83	         116	            0	                 0	          0	
 10043142	  17.95535	       -83	         118	            0	                 0	          0	
 10043192	  17.93822	       -83	         119	            0	                 0	          0	
 10043242	  17.94534	       -83	         118	            0	                 0	          0	
 10043292	   17.7185	       -84	         116	            0	                 0	          0	
 10043342	  17.57653	       -85	         117	            0	                 0	          0	
 10043392	  17.76495	       -83	         118	            0	                 0	          0	
 10043442	  18.06007	       -82	         117	            0	                 0	          0	
 10043492	  18.19619	       -82	         119	            0	                 0	          0	
 10043542	  18.16405	       -83	         121	            0	                 0	          0	
 10043592	  17.85567	       -83	         118	            0	                 0	          0	
 10043642	   17.8076	       -83	         117	            0	                 0	          0	
 10043692	  17.64106	       -83	         118	            0	                 0	          0	
 10043742	  17.67806	       -82	         117	            0	                 0	          0	
 10043792	  18.01635	       -82	         118	            0	                 0	          0	
 10043842	  17.81807	       -82	         118	            0	                 0	          0	
 10043892	  18.41222	       -82	         121	            0	                 0	          0	
 10043942	  18.50309	       -83	         121	            0	                 0	          0	
 10043992	  18.04664	       -83	         118	            0	                 0	          0	
 10044042	  18.28892	       -82	         119	            0	                 0	          0	
 10044092	  18.33817	       -82	         120	            0	                 0	          0	
 10044142	  18.16805	       -84	         118	            0	                 0	          0	
 10044192	  18.35217	       -84	         118	            0	                 0	          0	
 10044242	  18.06732	       -83	         118	            0	                 0	          0	
 10044292	  17.83529	       -83	         119	            0	                 0	          0	
 10044342	   18.1136	       -83	         120	            0	                 0	          0	
 10044392	  17.89999	       -84	         119	            0	                 0	          0	
 10044442	   18.0604	       -84	         121	            0	                 0	          0	
 10044492	  18.70998	       -84	         122	            0	                 0	          0	
 10044542	  18.34938	       -82	         119	            0	                 0	          0	
 10044592	  17.62521	       -81	         117	            0	                 0	          0	
 10044642	  17.97269	       -82	         117	            0	                 0	          0	
 10044692	  18.49091	       -83	         120	            0	                 0	          0	
 10044742	  18.09958	       -83	         121	            0	                 0	          0	
 10044792	  17.70671	       -83	         118	            0	                 0	          0	
 10044842	  17.97511	       -83	         118	            0	                 0	          0	
 10044892	  17.86045	       -82	         117	            0	                 0	          0	
 10044942	  17.65541	       -83	         115	            0	                 0	          0	
 10044992	  17.77444	       -84	         118	            0	                 0	          0	
 10045042	  17.90889	       -83	         119	            0	                 0	          0	
 10045092	  17.55399	       -83	         117	            0	                 0	          0	
 10045142	  17.07885	       -84	         117	            0	                 0	          0	
 10045192	  17.21837	       -84	         117	            0	                 0	          0	
 10045242	  17.86973	       -83	         118	            0	                 0	          0	
 10045292	  18.22572	       -83	         119	            0	                 0	          0	
 10045342	  17.64788	       -83	         117	            0	                 0	          0	
 10045392	  17.71812	       -84	         118	            0	                 0	          0	
 10045442	  18.17994	       -83	         119	            0	                 0	          0	
 10045492	  17.73332	       -83	         117	            0	                 0	          0	
 10045542	  17.65237	       -83	         117	            0	                 0	          0	
 10045592	  17.73788	       -84	         118	            0	                 0	          0	
 10045642	  17.74952	       -83	         116	            0	                 0	          0	
 10045692	  18.48752	       -84	         117	            0	                 0	          0	
 10045742	  18.27408	       -84	         119	            0	                 0	          0	
 10045792	  17.47035	       -84	         117	            0	                 0	          0	
 10045842	  17.69044	       -84	         117	            0	                 0	          0	
 10045892	  18.12587	       -84	         120	            0	                 0	          0	
 10045942	  17.68768	       -84	         118	            0	                 0	          0	
 10045992	  17.53573	       -83	         116	            0	                 0	          0	
 10046042	  17.78523	       -84	         116	            0	                 0	          0	
 10046092	   17.6813	       -83	         117	            0	                 0	          0	
 10046142	  17.53201	       -82	         117	            0	                 0	          0	
 10046192	  17.52749	       -82	         116	            0	                 0	          0	
 10046242	  17.73793	       -83	         117	            0	                 0	          0	
 10046292	  17.64818	       -82	         116	            0	                 0	          0	
 10046342	  17.43216	       -82	         114	            0	                 0	          0	
 10046392	  17.53198	       -84	         115	            0	                 0	          0	
 10046442	  17.66618	       -84	         117	            0	                 0	          0	
 10046492	  17.72251	       -84	         116	            0	                 0	          0	
 10046542	  17.87986	       -83	         118	            0	                 0	          0	
 10046592	  17.79357	       -84	         118	            0	                 0	          0	
 10046642	  17.72882	       -84	         116	            0	                 0	          0	
 10046692	  17.64708	       -83	         116	            0	                 0	          0	
 10046742	  17.40582	       -83	         115	            0	                 0	          0	
 10046792	  17.18503	       -85	         116	            0	                 0	          0	
 10046842	  17.79901	       -85	         118	            0	                 0	          0	
 10046892	  17.91097	       -84	         120	            0	                 0	          0	
 10046942	  17.09281	       -84	         117	            0	                 0	          0	
 10046992	  17.01115	       -83	         116	            0	                 0	          0	
 10047042	  17.10294	       -84	         117	            0	                 0	          0	
 10047092	  17.84229	       -84	         118	            0	                 0	          0	
 10047142	  18.18624	       -83	         119	            0	                 0	          0	
 10047192	  18.01507	       -82	         118	            0	                 0	          0	
 10047242	  18.10675	       -83	         118	            0	                 0	          0	
 10047292	  17.99609	       -83	         119	            0	                 0	          0	
 10047342	  17.69978	       -83	         117	            0	                 0	          0	
 10047392	  17.48239	       -84	         115	            0	                 0	          0	
 10047442	  17.39944	       -83	         114	            0	                 0	          0	
 10047492	  17.82309	       -83	         115	            0	                 0	          0	
 10047542	  18.06231	       -83	         119	            0	                 0	          0	
 10047592	  17.86584	       -83	         120	            0	                 0	          0	
 10047642	  17.71039	       -83	         117	            0	                 0	          0	
 10047692	  17.62398	       -83	         117	            0	                 0	          0	
 10047742	  18.06622	       -84	         121	            0	                 0	          0	
 10047792	  18.16911	       -84	         120	            0	                 0	          0	
 10047842	  18.21068	       -84	         119	            0	                 0	          0	
 10047892	  18.10623	       -84	         118	            0	                 0	          0	
 10047942	  17.95254	       -84	         119	            0	                 0	          0	
 10047992	  17.64409	       -83	         119	            0	                 0	          0	
 10048042	   17.6883	       -83	         119	            0	                 0	          0	
 10048092	   18.2827	       -83	         122	            0	                 0	          0	
 10048142	  18.51608	       -83	         121	            0	                 0	          0	
 10048192	  18.20514	       -83	         119	            0	                 0	          0	
 10048242	  17.93944	       -84	         118	            0	                 0	          0	
 10048292	  18.26866	       -84	         119	            0	                 0	          0	
 10048342	  18.09762	       -84	         120	            0	                 0	          0	
 10048392	  17.47497	       -84	         118	            0	                 0	          0	
 10048442	  17.54872	       -83	         116	            0	                 0	          0	
 10048492	  17.63232	       -83	         117	            0	                 0	          0	
 10048542	  17.38229	       -84	         116	            0	                 0	          0	
 10048592	  17.49258	       -83	         116	            0	                 0	          0	
 10048642	  17.90583	       -83	         117	            0	                 0	          0	
 10048692	  17.86222	       -83	         119	            0	                 0	          0	
 10048742	  17.79003	       -83	         118	            0	                 0	          0	
 10048792	  18.04872	       -83	         118	            0	                 0	          0	
 10048842	  18.04222	       -82	         118	            0	                 0	          0	
 10048892	  17.95913	       -83	         120	            0	                 0	          0	
 10048942	  17.80057	       -84	         120	            0	                 0	          0	
 10048992	  17.56249	       -83	         117	            0	                 0	          0	
 10049042	  17.52399	       -83	         117	            0	                 0	          0	
 10049092	  17.82826	       -82	         119	            0	                 0	          0	
 10049142	  17.94322	       -83	         117	            0	                 0	          0	
 10049192	   17.4341	       -83	         115	            0	                 0	          0	
 10049242	  17.48776	       -83	         116	            0	                 0	          0	
 10049292	  17.99923	       -83	         118	            0	                 0	          0	
 10049342	  17.87697	       -83	         118	            0	                 0	          0	
 10049392	  17.27923	       -83	         116	            0	                 0	          0	
 10049442	  17.32968	       -84	         116	            0	                 0	          0	
 10049492	  17.42114	       -84	         115	            0	                 0	          0	
 10049542	  17.56151	       -83	         116	            0	                 0	          0	
 10049592	  17.58325	       -82	         117	            0	                 0	          0	
 10049642	  17.79458	       -83	         117	            0	                 0	          0	
 10049692	  17.91434	       -83	         118	            0	                 0	          0	
 10049742	  17.26343	       -82	         117	            0	                 0	          0	
 10049792	  17.33606	       -83	         116	            0	                 0	          0	
 10049842	  17.58019	       -83	         117	            0	                 0	          0	
 10049892	  17.70168	       -85	         117	            0	                 0	          0	
 10049942	  17.52585	       -84	         116	            0	                 0	          0	
 10049992	  17.80206	       -83	         117	            0	                 0	          0	
 10050042	  17.99029	       -83	         118	            0	                 0	          0	
 10050092	  17.86081	       -83	         120	            0	                 0	          0	
 10050142	  17.59353	       -83	         120	            0	                 0	          0	
 10050192	  17.54629	       -83	         120	            0	                 0	          0	
 10050242	  17.82306	       -83	         121	            0	                 0	          0	
 10050292	  17.46428	       -84	         118	            0	                 0	          0	
 10050342	  17.33717	       -85	         117	            0	                 0	          0	
 10050392	  17.40636	       -84	         118	            0	                 0	          0	
 10050442	  17.46671	       -83	         117	            0	                 0	          0	
 10050492	  17.74283	       -83	         118	            0	                 0	          0	
 10050542	   17.7886	       -84	         117	            0	                 0	          0	
 10050592	  17.68004	       -84	         117	            0	                 0	          0	
 10050642	  17.43873	       -83	         116	            0	                 0	          0	
 10050692	  17.00767	       -83	         115	            0	                 0	          0	
 10050742	  17.04063	       -83	         114	            0	                 0	          0	
 10050792	  17.44171	       -83	         115	            0	                 0	          0	
 10050842	  17.57636	       -83	         114	            0	                 0	          0	
 10050892	  17.57369	       -83	         116	            0	                 0	          0	
 10050942	  17.93538	       -83	         119	            0	                 0	          0	
 10050992	  17.42316	       -83	         116	            0	                 0	          0	
 10051042	  16.97199	       -84	         114	            0	                 0	          0	
 10051092	  17.18752	       -85	         116	            0	                 0	          0	
 10051142	  17.49436	       -83	         118	            0	                 0	          0	
 10051192	  18.08519	       -82	         119	            0	                 0	          0	
 10051242	  17.90362	       -83	         118	            0	                 0	          0	
 10051292	   16.9002	       -83	         114	            0	                 0	          0	
 10051342	  16.71328	       -83	         114	            0	                 0	          0	
 10051392	  17.17162	       -82	         116	            0	                 0	          0	
 10051442	  17.52593	       -82	         116	            0	                 0	          0	
 10051492	  17.51922	       -83	         117	            0	                 0	          0	
 10051542	  17.09662	       -82	         117	            0	                 0	          0	
 10051592	  17.43196	       -82	         119	            0	                 0	          0	
 10051642	  17.59162	       -82	         120	            0	                 0	          0	
 10051692	  17.03254	       -82	         117	            0	                 0	          0	
 10051742	   17.0413	       -82	         116	            0	                 0	          0	
 10051792	  17.05918	       -82	         116	            0	                 0	          0	
 10051842	  17.13261	       -82	         116	            0	                 0	          0	
 10051892	  17.43094	       -83	         118	            0	                 0	          0	
 10051942	  17.26734	       -83	         117	            0	                 0	          0	
 10051992	  17.10439	       -83	         115	            0	                 0	          0	
 10052042	  17.00457	       -82	         116	            0	                 0	          0	
 10052092	  16.79468	       -82	         115	            0	                 0	          0	
 10052142	  16.70151	       -82	         114	            0	                 0	          0	
 10052192	  16.77845	       -83	         115	            0	                 0	          0	
 10052242	  16.97367	       -82	         115	            0	                 0	          0	
 10052292	  17.11195	       -82	         116	            0	                 0	          0	
 10052342	   17.4746	       -83	         118	            0	                 0	          0	
 10052392	  17.44295	       -82	         117	            0	                 0	          0	
 10052442	    17.129	       -82	         117	            0	                 0	          0	
 10052492	  17.15418	       -83	         118	            0	                 0	          0	
 10052542	  17.06828	       -83	         116	            0	                 0	          0	
 10052592	  17.24086	       -82	         115	            0	                 0	          0	
 10052642	  17.15285	       -82	         115	            0	                 0	          0	
 10052692	  17.17473	       -82	         115	            0	                 0	          0	
 10052742	  17.00413	       -82	         113	            0	                 0	          0	
 10052792	  17.01183	       -82	         113	            0	                 0	          0	
 10052842	  17.43202	       -82	         118	            0	                 0	          0	
 10052892	  17.43366	       -82	         119	            0	                 0	          0	
 10052942	  17.42452	       -82	         117	            0	                 0	          0	
 10052992	  17.96924	       -83	         119	            0	                 0	          0	
 10053042	  18.20195	       -83	         120	            0	                 0	          0	
 10053092	  17.76114	       -83	         119	            0	                 0	          0	
 10053142	  17.71646	       -82	         118	            0	                 0	          0	
 10053192	  17.57533	       -81	         116	            0	                 0	          0	
 10053242	  17.69457	       -81	         116	            0	                 0	          0	
 10053292	  18.21512	       -83	         119	            0	                 0	          0	
 10053342	  18.24556	       -83	         119	            0	                 0	          0	
 10053392	  18.14967	       -83	         118	            0	                 0	          0	
 10053442	  18.27854	       -83	         119	            0	                 0	          0	
 10053492	  18.04428	       -83	         120	            0	                 0	          0	
 10053542	  17.91573	       -82	         120	            0	                 0	          0	
 10053592	    17.791	       -82	         119	            0	                 0	          0	
 10053642	  17.89163	       -82	         118	            0	                 0	          0	
 10053692	  18.02476	       -83	         118	            0	                 0	          0	
 10053742	  17.81618	       -83	         118	            0	                 0	          0	
