TimeStamp	ForceValue	AxialAngle	LateralAngle	MetalSeverity	InAccurateSeverity	NeedZeroing	
 10060942	  21.42644	       -84	         113	            0	                 0	          0	
 10060992	  21.12693	       -84	         113	            0	                 0	          0	
 10061042	  20.76599	       -84	         112	            0	                 0	          0	
 10061092	  20.83537	       -84	         112	            0	                 0	          0	
 10061142	  21.46704	       -84	         115	            0	                 0	          0	
 10061192	  21.19548	       -85	         113	            0	                 0	          0	
 10061242	  20.78894	       -85	         111	            0	                 0	          0	
 10061292	  20.54678	       -84	         110	            0	                 0	          0	
 10061342	  20.49997	       -84	         112	            0	                 0	          0	
 10061392	  21.40312	       -85	         116	            0	                 0	          0	
 10061442	  21.49251	       -84	         115	            0	                 0	          0	
 10061492	  21.39742	       -84	         114	            0	                 0	          0	
 10061542	  21.55586	       -84	         115	            0	                 0	          0	
 10061592	  21.30247	       -84	         113	            0	                 0	          0	
 10061642	   21.1497	       -84	         111	            0	                 0	          0	
 10061692	   21.2134	       -84	         113	            0	                 0	          0	
 10061742	  21.41665	       -84	         114	            0	                 0	          0	
 10061792	  21.32241	       -85	         113	            0	                 0	          0	
 10061842	  21.23344	       -85	         115	            0	                 0	          0	
 10061892	  21.45211	       -85	         115	            0	                 0	          0	
 10061942	  21.13471	       -84	         113	            0	                 0	          0	
 10061992	  20.93479	       -84	         112	            0	                 0	          0	
 10062042	  21.31352	       -84	         114	            0	                 0	          0	
 10062092	  21.30027	       -84	         113	            0	                 0	          0	
 10062142	   21.1226	       -84	         113	            0	                 0	          0	
 10062192	  21.09179	       -83	         114	            0	                 0	          0	
 10062242	   21.0523	       -83	         113	            0	                 0	          0	
 10062292	  21.39141	       -84	         114	            0	                 0	          0	
 10062342	  21.58862	       -85	         114	            0	                 0	          0	
 10062392	  21.46227	       -84	         114	            0	                 0	          0	
 10062442	  21.34395	       -84	         113	            0	                 0	          0	
 10062492	  21.22053	       -84	         114	            0	                 0	          0	
 10062542	  21.14913	       -85	         114	            0	                 0	          0	
 10062592	  21.39737	       -85	         115	            0	                 0	          0	
 10062642	  21.88458	       -84	         117	            0	                 0	          0	
 10062692	  21.36014	       -84	         116	            0	                 0	          0	
 10062742	  21.42542	       -84	         116	            0	                 0	          0	
 10062792	  22.00142	       -85	         116	            0	                 0	          0	
 10062842	  21.92073	       -84	         116	            0	                 0	          0	
 10062892	  21.59379	       -84	         116	            0	                 0	          0	
 10062942	  21.02852	       -84	         114	            0	                 0	          0	
 10062992	  20.71311	       -84	         113	            0	                 0	          0	
 10063042	  21.01775	       -84	         115	            0	                 0	          0	
 10063092	  21.57621	       -84	         117	            0	                 0	          0	
 10063142	  21.65387	       -84	         116	            0	                 0	          0	
 10063192	   21.6694	       -84	         116	            0	                 0	          0	
 10063242	  21.34344	       -84	         117	            0	                 0	          0	
 10063292	   21.3551	       -84	         116	            0	                 0	          0	
 10063342	  21.39787	       -84	         114	            0	                 0	          0	
 10063392	  21.14684	       -85	         114	            0	                 0	          0	
 10063442	  20.73607	       -84	         113	            0	                 0	          0	
 10063492	  20.80211	       -84	         114	            0	                 0	          0	
 10063542	  21.10926	       -85	         115	            0	                 0	          0	
 10063592	   20.9442	       -84	         113	            0	                 0	          0	
 10063642	  21.38437	       -84	         114	            0	                 0	          0	
 10063692	   21.5436	       -84	         115	            0	                 0	          0	
 10063742	  21.32067	       -85	         114	            0	                 0	          0	
 10063792	  21.35445	       -85	         116	            0	                 0	          0	
 10063842	  21.20499	       -85	         114	            0	                 0	          0	
 10063892	   21.2401	       -84	         113	            0	                 0	          0	
 10063942	  21.34097	       -85	         115	            0	                 0	          0	
 10063992	  21.12133	       -85	         115	            0	                 0	          0	
 10064042	  21.12766	       -84	         114	            0	                 0	          0	
 10064092	  21.15584	       -84	         114	            0	                 0	          0	
 10064142	  21.23707	       -84	         114	            0	                 0	          0	
 10064192	   21.4008	       -85	         115	            0	                 0	          0	
 10064242	  21.22438	       -84	         114	            0	                 0	          0	
 10064292	  21.25334	       -83	         115	            0	                 0	          0	
 10064342	  21.26088	       -84	         116	            0	                 0	          0	
 10064392	  20.99257	       -85	         115	            0	                 0	          0	
 10064442	  21.05409	       -84	         116	            0	                 0	          0	
 10064492	  21.38592	       -84	         116	            0	                 0	          0	
 10064542	  21.38157	       -85	         116	            0	                 0	          0	
 10064592	   21.4768	       -84	         116	            0	                 0	          0	
 10064642	  21.29856	       -84	         115	            0	                 0	          0	
 10064692	  21.04103	       -85	         115	            0	                 0	          0	
 10064742	  21.38518	       -84	         118	            0	                 0	          0	
 10064792	  21.54589	       -84	         118	            0	                 0	          0	
 10064842	  21.27681	       -85	         115	            0	                 0	          0	
 10064892	  21.33677	       -84	         114	            0	                 0	          0	
 10064942	  21.19561	       -84	         113	            0	                 0	          0	
 10064992	   20.7542	       -84	         112	            0	                 0	          0	
 10065042	  20.96747	       -83	         113	            0	                 0	          0	
 10065092	  21.43547	       -84	         116	            0	                 0	          0	
 10065142	  21.34447	       -85	         117	            0	                 0	          0	
 10065192	  21.24907	       -85	         116	            0	                 0	          0	
 10065242	  21.24592	       -85	         115	            0	                 0	          0	
 10065292	  21.14293	       -86	         116	            0	                 0	          0	
 10065342	  21.29316	       -85	         117	            0	                 0	          0	
 10065392	  21.24877	       -84	         115	            0	                 0	          0	
 10065442	  21.15205	       -85	         114	            0	                 0	          0	
 10065492	  21.00494	       -85	         115	            0	                 0	          0	
 10065542	  20.96398	       -83	         116	            0	                 0	          0	
 10065592	  21.24222	       -84	         116	            0	                 0	          0	
 10065642	  21.23687	       -84	         115	            0	                 0	          0	
 10065692	  21.35425	       -84	         115	            0	                 0	          0	
 10065742	  21.54215	       -84	         118	            0	                 0	          0	
 10065792	  21.43125	       -84	         118	            0	                 0	          0	
 10065842	  21.27319	       -85	         115	            0	                 0	          0	
 10065892	  21.35221	       -84	         115	            0	                 0	          0	
 10065942	   21.3187	       -84	         114	            0	                 0	          0	
 10065992	  21.14385	       -83	         113	            0	                 0	          0	
 10066042	  21.14585	       -84	         115	            0	                 0	          0	
 10066092	  20.68575	       -85	         112	            0	                 0	          0	
 10066142	  20.67578	       -85	         113	            0	                 0	          0	
 10066192	  20.83959	       -85	         115	            0	                 0	          0	
 10066242	  20.85707	       -84	         114	            0	                 0	          0	
 10066292	  21.31342	       -85	         116	            0	                 0	          0	
 10066342	  21.49346	       -84	         116	            0	                 0	          0	
 10066392	  21.02544	       -84	         112	            0	                 0	          0	
 10066442	  20.80352	       -83	         112	            0	                 0	          0	
 10066492	  21.37627	       -83	         119	            0	                 0	          0	
 10066542	  21.22393	       -83	         118	            0	                 0	          0	
 10066592	  20.82989	       -84	         114	            0	                 0	          0	
 10066642	  20.60535	       -84	         113	            0	                 0	          0	
 10066692	  20.58338	       -83	         112	            0	                 0	          0	
 10066742	  20.91853	       -84	         115	            0	                 0	          0	
 10066792	  21.14501	       -84	         115	            0	                 0	          0	
 10066842	  21.01882	       -85	         114	            0	                 0	          0	
 10066892	  21.10715	       -85	         116	            0	                 0	          0	
 10066942	  20.95481	       -84	         116	            0	                 0	          0	
 10066992	  20.99907	       -83	         116	            0	                 0	          0	
 10067042	  20.93156	       -83	         115	            0	                 0	          0	
 10067092	  21.34483	       -83	         115	            0	                 0	          0	
 10067142	  21.86588	       -84	         118	            0	                 0	          0	
 10067192	  21.66135	       -85	         116	            0	                 0	          0	
 10067242	  21.88557	       -85	         117	            0	                 0	          0	
 10067292	  21.74644	       -84	         118	            0	                 0	          0	
 10067342	  21.27926	       -84	         116	            0	                 0	          0	
 10067392	  20.96013	       -84	         114	            0	                 0	          0	
 10067442	  21.26619	       -84	         115	            0	                 0	          0	
 10067492	  21.32399	       -83	         117	            0	                 0	          0	
 10067542	  21.18571	       -84	         118	            0	                 0	          0	
 10067592	  21.37841	       -85	         118	            0	                 0	          0	
 10067642	  21.34803	       -84	         117	            0	                 0	          0	
 10067692	  21.56127	       -84	         117	            0	                 0	          0	
 10067742	  21.22819	       -84	         116	            0	                 0	          0	
 10067792	   20.7004	       -83	         114	            0	                 0	          0	
 10067842	  20.54663	       -83	         114	            0	                 0	          0	
 10067892	  21.12681	       -83	         116	            0	                 0	          0	
 10067942	  21.44783	       -84	         117	            0	                 0	          0	
 10067992	  20.93802	       -84	         115	            0	                 0	          0	
 10068042	  20.84358	       -83	         114	            0	                 0	          0	
 10068092	  20.68449	       -83	         115	            0	                 0	          0	
 10068142	  20.73204	       -83	         116	            0	                 0	          0	
 10068192	  21.30986	       -84	         116	            0	                 0	          0	
 10068242	  21.37675	       -84	         117	            0	                 0	          0	
 10068292	  21.03897	       -84	         117	            0	                 0	          0	
 10068342	  20.92491	       -84	         116	            0	                 0	          0	
 10068392	  20.86577	       -83	         115	            0	                 0	          0	
 10068442	  20.65663	       -83	         114	            0	                 0	          0	
 10068492	  21.11855	       -83	         116	            0	                 0	          0	
 10068542	  21.39224	       -83	         117	            0	                 0	          0	
 10068592	  21.13813	       -83	         115	            0	                 0	          0	
 10068642	  21.12256	       -84	         116	            0	                 0	          0	
 10068692	  21.08057	       -84	         117	            0	                 0	          0	
 10068742	   21.3016	       -84	         118	            0	                 0	          0	
 10068792	  20.59355	       -84	         113	            0	                 0	          0	
 10068842	  20.75765	       -84	         113	            0	                 0	          0	
 10068892	  21.47646	       -84	         116	            0	                 0	          0	
 10068942	  21.41354	       -83	         117	            0	                 0	          0	
 10068992	  21.12984	       -83	         116	            0	                 0	          0	
 10069042	  20.70777	       -83	         114	            0	                 0	          0	
 10069092	   20.3431	       -83	         115	            0	                 0	          0	
 10069142	  20.75689	       -83	         117	            0	                 0	          0	
 10069192	  21.66124	       -84	         119	            0	                 0	          0	
 10069242	   21.7038	       -83	         118	            0	                 0	          0	
 10069292	  21.19474	       -83	         116	            0	                 0	          0	
 10069342	  21.25905	       -83	         117	            0	                 0	          0	
 10069392	  21.68038	       -83	         119	            0	                 0	          0	
 10069442	  21.24892	       -83	         118	            0	                 0	          0	
 10069492	  20.85865	       -84	         115	            0	                 0	          0	
 10069542	  21.23378	       -83	         116	            0	                 0	          0	
 10069592	  20.93998	       -83	         115	            0	                 0	          0	
 10069642	  20.83747	       -83	         115	            0	                 0	          0	
 10069692	  21.11886	       -83	         115	            0	                 0	          0	
 10069742	  20.98759	       -83	         114	            0	                 0	          0	
 10069792	  20.76243	       -83	         114	            0	                 0	          0	
 10069842	   20.9702	       -84	         116	            0	                 0	          0	
 10069892	    21.319	       -84	         117	            0	                 0	          0	
 10069942	  20.86063	       -84	         115	            0	                 0	          0	
 10069992	  20.61335	       -83	         114	            0	                 0	          0	
 10070042	  20.67111	       -83	         115	            0	                 0	          0	
 10070092	  20.80965	       -84	         115	            0	                 0	          0	
 10070142	   20.8045	       -85	         114	            0	                 0	          0	
 10070192	  20.72325	       -85	         115	            0	                 0	          0	
 10070242	  20.57482	       -85	         115	            0	                 0	          0	
 10070292	  20.74178	       -85	         114	            0	                 0	          0	
 10070342	  20.99247	       -84	         115	            0	                 0	          0	
 10070392	  21.14193	       -83	         117	            0	                 0	          0	
 10070442	  21.25694	       -83	         117	            0	                 0	          0	
 10070492	  21.34208	       -84	         116	            0	                 0	          0	
 10070542	  21.33257	       -84	         116	            0	                 0	          0	
 10070592	  20.91669	       -84	         116	            0	                 0	          0	
 10070642	  21.02095	       -83	         116	            0	                 0	          0	
 10070692	  21.39727	       -83	         117	            0	                 0	          0	
 10070742	  21.25296	       -84	         118	            0	                 0	          0	
 10070792	  20.83209	       -83	         117	            0	                 0	          0	
 10070842	  21.07016	       -83	         118	            0	                 0	          0	
 10070892	  21.13706	       -84	         119	            0	                 0	          0	
 10070942	   21.1747	       -84	         118	            0	                 0	          0	
 10070992	  21.55571	       -84	         117	            0	                 0	          0	
 10071042	  20.91985	       -83	         114	            0	                 0	          0	
 10071092	  20.92402	       -83	         116	            0	                 0	          0	
 10071142	   21.3608	       -83	         118	            0	                 0	          0	
 10071192	  20.99448	       -83	         116	            0	                 0	          0	
 10071242	  20.95925	       -83	         116	            0	                 0	          0	
 10071292	  20.77662	       -84	         115	            0	                 0	          0	
 10071342	  20.72032	       -83	         114	            0	                 0	          0	
 10071392	  21.01999	       -84	         116	            0	                 0	          0	
 10071442	  21.15813	       -85	         118	            0	                 0	          0	
 10071492	   20.8853	       -84	         116	            0	                 0	          0	
 10071542	  20.75241	       -83	         115	            0	                 0	          0	
 10071592	  21.44409	       -84	         117	            0	                 0	          0	
 10071642	  21.67517	       -83	         118	            0	                 0	          0	
 10071692	  21.09438	       -83	         117	            0	                 0	          0	
 10071742	  21.00512	       -84	         116	            0	                 0	          0	
 10071792	  21.34291	       -84	         119	            0	                 0	          0	
 10071842	  21.15504	       -84	         118	            0	                 0	          0	
 10071892	  20.89215	       -84	         117	            0	                 0	          0	
 10071942	  20.93019	       -84	         117	            0	                 0	          0	
 10071992	  20.98158	       -84	         116	            0	                 0	          0	
 10072042	  21.15213	       -84	         114	            0	                 0	          0	
 10072092	  21.15021	       -84	         114	            0	                 0	          0	
 10072142	  20.97691	       -84	         116	            0	                 0	          0	
 10072192	  20.88824	       -83	         116	            0	                 0	          0	
 10072242	  20.51503	       -83	         114	            0	                 0	          0	
 10072292	  20.87608	       -83	         116	            0	                 0	          0	
 10072342	  21.21367	       -83	         118	            0	                 0	          0	
 10072392	  20.44117	       -83	         114	            0	                 0	          0	
 10072442	  20.23427	       -83	         113	            0	                 0	          0	
 10072492	  20.36868	       -83	         114	            0	                 0	          0	
 10072542	   20.6984	       -82	         115	            0	                 0	          0	
 10072592	  21.08815	       -83	         117	            0	                 0	          0	
 10072642	  20.88204	       -84	         115	            0	                 0	          0	
 10072692	  20.88878	       -84	         115	            0	                 0	          0	
 10072742	  20.86495	       -83	         115	            0	                 0	          0	
 10072792	  20.61261	       -83	         115	            0	                 0	          0	
 10072842	  20.80935	       -84	         115	            0	                 0	          0	
 10072892	  20.91688	       -85	         115	            0	                 0	          0	
 10072942	  20.80821	       -84	         116	            0	                 0	          0	
 10072992	  21.17624	       -83	         118	            0	                 0	          0	
 10073042	  21.47848	       -83	         118	            0	                 0	          0	
 10073092	  21.03008	       -83	         117	            0	                 0	          0	
 10073142	  20.71709	       -83	         117	            0	                 0	          0	
 10073192	  20.97628	       -84	         118	            0	                 0	          0	
 10073242	  20.60421	       -84	         116	            0	                 0	          0	
 10073292	  20.47956	       -84	         114	            0	                 0	          0	
 10073342	  20.80418	       -83	         114	            0	                 0	          0	
 10073392	  20.66318	       -83	         115	            0	                 0	          0	
 10073442	  20.48349	       -83	         115	            0	                 0	          0	
 10073492	  20.58518	       -83	         115	            0	                 0	          0	
 10073542	  21.07488	       -83	         117	            0	                 0	          0	
 10073592	  21.23402	       -84	         116	            0	                 0	          0	
 10073642	  21.11114	       -83	         116	            0	                 0	          0	
 10073692	  20.80072	       -82	         117	            0	                 0	          0	
 10073742	   21.1565	       -83	         117	            0	                 0	          0	
 10073792	  21.35095	       -83	         117	            0	                 0	          0	
 10073842	  21.14356	       -84	         116	            0	                 0	          0	
 10073892	    21.514	       -85	         117	            0	                 0	          0	
 10073942	  21.07187	       -84	         116	            0	                 0	          0	
 10073992	  20.86619	       -84	         115	            0	                 0	          0	
 10074042	  21.42988	       -84	         118	            0	                 0	          0	
 10074092	   21.5749	       -84	         119	            0	                 0	          0	
 10074142	  20.77058	       -83	         115	            0	                 0	          0	
 10074192	  20.28488	       -83	         114	            0	                 0	          0	
 10074242	  20.40466	       -84	         115	            0	                 0	          0	
 10074292	  20.97313	       -84	         116	            0	                 0	          0	
 10074342	  21.56078	       -84	         118	            0	                 0	          0	
 10074392	  21.24991	       -83	         117	            0	                 0	          0	
 10074442	  21.20643	       -83	         116	            0	                 0	          0	
 10074492	  21.23792	       -84	         117	            0	                 0	          0	
 10074542	  21.40821	       -84	         118	            0	                 0	          0	
 10074592	  21.42142	       -84	         117	            0	                 0	          0	
 10074642	  21.47031	       -83	         116	            0	                 0	          0	
 10074692	  21.24341	       -84	         117	            0	                 0	          0	
 10074742	   20.6179	       -84	         115	            0	                 0	          0	
 10074792	   20.5234	       -84	         114	            0	                 0	          0	
 10074842	  20.79908	       -85	         116	            0	                 0	          0	
 10074892	  20.96468	       -84	         118	            0	                 0	          0	
 10074942	  20.70262	       -83	         116	            0	                 0	          0	
 10074992	  20.93792	       -82	         116	            0	                 0	          0	
 10075042	  20.85058	       -83	         116	            0	                 0	          0	
 10075092	  21.11057	       -83	         118	            0	                 0	          0	
 10075142	  21.56276	       -83	         119	            0	                 0	          0	
 10075192	   20.9004	       -84	         116	            0	                 0	          0	
 10075242	   20.5416	       -84	         116	            0	                 0	          0	
 10075292	  20.67387	       -83	         115	            0	                 0	          0	
 10075342	  20.62069	       -83	         113	            0	                 0	          0	
 10075392	   20.3455	       -84	         113	            0	                 0	          0	
 10075442	  20.70216	       -84	         116	            0	                 0	          0	
 10075492	  21.00745	       -84	         116	            0	                 0	          0	
 10075542	  21.12378	       -84	         117	            0	                 0	          0	
 10075592	  21.10813	       -83	         118	            0	                 0	          0	
 10075642	  21.00382	       -83	         117	            0	                 0	          0	
 10075692	  20.76693	       -83	         117	            0	                 0	          0	
 10075742	  20.65668	       -83	         117	            0	                 0	          0	
 10075792	  20.87466	       -83	         117	            0	                 0	          0	
 10075842	  21.00772	       -83	         118	            0	                 0	          0	
 10075892	  20.93834	       -83	         118	            0	                 0	          0	
 10075942	  20.49546	       -83	         114	            0	                 0	          0	
 10075992	  20.47245	       -83	         115	            0	                 0	          0	
 10076042	  20.77305	       -83	         117	            0	                 0	          0	
 10076092	  21.21568	       -83	         118	            0	                 0	          0	
 10076142	  21.29866	       -83	         119	            0	                 0	          0	
 10076192	  20.77707	       -83	         117	            0	                 0	          0	
 10076242	  20.60206	       -84	         115	            0	                 0	          0	
 10076292	  20.53875	       -84	         115	            0	                 0	          0	
 10076342	  20.76683	       -84	         118	            0	                 0	          0	
 10076392	  20.86177	       -83	         116	            0	                 0	          0	
 10076442	  20.44955	       -83	         112	            0	                 0	          0	
 10076492	  20.64362	       -84	         114	            0	                 0	          0	
 10076542	  21.09785	       -83	         117	            0	                 0	          0	
 10076592	  20.94121	       -84	         117	            0	                 0	          0	
 10076642	  20.53286	       -83	         115	            0	                 0	          0	
 10076692	  20.55018	       -82	         114	            0	                 0	          0	
 10076742	  20.69605	       -83	         115	            0	                 0	          0	
 10076792	  20.83681	       -84	         116	            0	                 0	          0	
 10076842	  21.26599	       -85	         118	            0	                 0	          0	
 10076892	   20.9499	       -84	         117	            0	                 0	          0	
 10076942	  20.60446	       -84	         114	            0	                 0	          0	
 10076992	  20.90562	       -83	         115	            0	                 0	          0	
 10077042	  21.29764	       -83	         117	            0	                 0	          0	
 10077092	  21.18458	       -83	         118	            0	                 0	          0	
 10077142	  20.93292	       -84	         117	            0	                 0	          0	
 10077192	  21.04613	       -84	         116	            0	                 0	          0	
 10077242	  21.17147	       -83	         115	            0	                 0	          0	
 10077292	  21.15531	       -83	         115	            0	                 0	          0	
 10077342	  20.99943	       -84	         118	            0	                 0	          0	
 10077392	  20.97157	       -85	         118	            0	                 0	          0	
 10077442	  21.00608	       -85	         118	            0	                 0	          0	
 10077492	  20.81787	       -84	         117	            0	                 0	          0	
 10077542	  20.80681	       -85	         115	            0	                 0	          0	
 10077592	  20.70392	       -84	         114	            0	                 0	          0	
 10077642	  20.43646	       -84	         115	            0	                 0	          0	
 10077692	  20.75204	       -84	         117	            0	                 0	          0	
 10077742	  20.93437	       -83	         118	            0	                 0	          0	
 10077792	  20.66501	       -83	         116	            0	                 0	          0	
 10077842	  20.50507	       -84	         114	            0	                 0	          0	
 10077892	  20.56576	       -84	         115	            0	                 0	          0	
 10077942	  20.34467	       -82	         114	            0	                 0	          0	
 10077992	  20.38793	       -82	         114	            0	                 0	          0	
 10078042	  21.21522	       -82	         118	            0	                 0	          0	
 10078092	   21.2568	       -83	         119	            0	                 0	          0	
 10078142	  20.51493	       -83	         116	            0	                 0	          0	
 10078192	  20.86947	       -84	         115	            0	                 0	          0	
 10078242	  21.02252	       -83	         116	            0	                 0	          0	
 10078292	  20.63017	       -83	         116	            0	                 0	          0	
 10078342	  20.38913	       -83	         114	            0	                 0	          0	
 10078392	  20.42539	       -83	         115	            0	                 0	          0	
 10078442	  20.89887	       -83	         117	            0	                 0	          0	
 10078492	   21.0858	       -83	         116	            0	                 0	          0	
 10078542	  20.64806	       -82	         115	            0	                 0	          0	
 10078592	  20.70338	       -82	         115	            0	                 0	          0	
 10078642	  21.15006	       -82	         118	            0	                 0	          0	
 10078692	  21.15837	       -83	         119	            0	                 0	          0	
 10078742	  21.05423	       -84	         119	            0	                 0	          0	
 10078792	  20.94833	       -83	         118	            0	                 0	          0	
 10078842	  20.83928	       -83	         117	            0	                 0	          0	
 10078892	  20.90824	       -84	         117	            0	                 0	          0	
 10078942	  21.43896	       -83	         118	            0	                 0	          0	
 10078992	  20.66506	       -83	         115	            0	                 0	          0	
 10079042	  20.18467	       -83	         114	            0	                 0	          0	
 10079092	  20.68646	       -84	         117	            0	                 0	          0	
 10079142	  20.48153	       -83	         116	            0	                 0	          0	
 10079192	  20.48584	       -83	         116	            0	                 0	          0	
 10079242	  20.69419	       -82	         117	            0	                 0	          0	
 10079292	  20.57838	       -83	         117	            0	                 0	          0	
 10079342	  20.91064	       -84	         119	            0	                 0	          0	
 10079392	  20.98399	       -84	         119	            0	                 0	          0	
 10079442	  20.65431	       -83	         116	            0	                 0	          0	
 10079492	  20.76483	       -83	         116	            0	                 0	          0	
 10079542	  21.22913	       -84	         118	            0	                 0	          0	
 10079592	  21.27018	       -84	         118	            0	                 0	          0	
 10079642	   20.9083	       -84	         117	            0	                 0	          0	
 10079692	  20.51723	       -83	         118	            0	                 0	          0	
 10079742	  20.13047	       -83	         115	            0	                 0	          0	
 10079792	  20.32027	       -83	         116	            0	                 0	          0	
 10079842	  20.30752	       -83	         116	            0	                 0	          0	
 10079892	  20.73698	       -83	         116	            0	                 0	          0	
 10079942	  21.19678	       -83	         117	            0	                 0	          0	
 10079992	  21.00545	       -83	         117	            0	                 0	          0	
 10080042	   20.9425	       -84	         117	            0	                 0	          0	
 10080092	  20.88465	       -84	         117	            0	                 0	          0	
 10080142	  20.54111	       -84	         117	            0	                 0	          0	
 10080192	  20.05304	       -83	         115	            0	                 0	          0	
 10080242	    20.109	       -83	         115	            0	                 0	          0	
 10080292	  20.65164	       -84	         118	            0	                 0	          0	
 10080342	   20.9122	       -84	         118	            0	                 0	          0	
 10080392	  20.90773	       -84	         118	            0	                 0	          0	
 10080442	  20.50258	       -83	         116	            0	                 0	          0	
 10080492	  20.34565	       -84	         114	            0	                 0	          0	
 10080542	  20.48089	       -84	         116	            0	                 0	          0	
 10080592	  20.41782	       -84	         116	            0	                 0	          0	
 10080642	  20.68423	       -83	         116	            0	                 0	          0	
 10080692	  20.76898	       -83	         117	            0	                 0	          0	
 10080742	  20.85352	       -84	         119	            0	                 0	          0	
 10080792	  21.10287	       -84	         118	            0	                 0	          0	
 10080842	  20.64171	       -83	         115	            0	                 0	          0	
 10080892	  20.74373	       -84	         116	            0	                 0	          0	
 10080942	  20.87822	       -84	         118	            0	                 0	          0	
 10080992	  20.26583	       -83	         114	            0	                 0	          0	
 10081042	  20.59676	       -84	         115	            0	                 0	          0	
 10081092	  20.81578	       -84	         118	            0	                 0	          0	
 10081142	  20.22812	       -84	         116	            0	                 0	          0	
 10081192	  20.50282	       -83	         116	            0	                 0	          0	
 10081242	  20.82694	       -83	         117	            0	                 0	          0	
 10081292	  20.75673	       -84	         117	            0	                 0	          0	
 10081342	  20.65236	       -83	         115	            0	                 0	          0	
 10081392	  20.45216	       -83	         115	            0	                 0	          0	
 10081442	  20.59555	       -83	         116	            0	                 0	          0	
 10081492	  20.59666	       -83	         116	            0	                 0	          0	
 10081542	  20.49515	       -84	         114	            0	                 0	          0	
 10081592	  20.60255	       -83	         116	            0	                 0	          0	
 10081642	  20.43912	       -83	         116	            0	                 0	          0	
 10081692	  20.64544	       -84	         116	            0	                 0	          0	
 10081742	   20.9453	       -84	         118	            0	                 0	          0	
 10081792	  20.56863	       -83	         118	            0	                 0	          0	
 10081842	  20.43278	       -83	         116	            0	                 0	          0	
 10081892	  20.60802	       -83	         116	            0	                 0	          0	
 10081942	  20.52633	       -82	         117	            0	                 0	          0	
 10081992	  20.71976	       -83	         116	            0	                 0	          0	
 10082042	  20.93779	       -85	         117	            0	                 0	          0	
 10082092	  20.60125	       -85	         117	            0	                 0	          0	
 10082142	  20.50498	       -83	         117	            0	                 0	          0	
 10082192	  20.46014	       -83	         116	            0	                 0	          0	
 10082242	  20.46267	       -84	         116	            0	                 0	          0	
 10082292	  20.48867	       -84	         117	            0	                 0	          0	
 10082342	  20.64084	       -84	         116	            0	                 0	          0	
 10082392	  20.67745	       -84	         117	            0	                 0	          0	
 10082442	  20.60695	       -83	         116	            0	                 0	          0	
 10082492	  20.92614	       -84	         116	            0	                 0	          0	
 10082542	  21.40977	       -84	         118	            0	                 0	          0	
 10082592	   21.1008	       -84	         118	            0	                 0	          0	
 10082642	  20.62706	       -84	         117	            0	                 0	          0	
 10082692	  20.48504	       -84	         115	            0	                 0	          0	
 10082742	  20.69941	       -84	         115	            0	                 0	          0	
 10082792	  20.40433	       -84	         114	            0	                 0	          0	
 10082842	  19.85209	       -83	         113	            0	                 0	          0	
 10082892	  20.15532	       -82	         114	            0	                 0	          0	
 10082942	  20.69403	       -83	         115	            0	                 0	          0	
 10082992	   20.8016	       -84	         117	            0	                 0	          0	
 10083042	  20.31905	       -84	         114	            0	                 0	          0	
 10083092	  20.24583	       -83	         114	            0	                 0	          0	
 10083142	  20.50154	       -83	         116	            0	                 0	          0	
 10083192	  20.62664	       -84	         116	            0	                 0	          0	
 10083242	  20.60525	       -84	         117	            0	                 0	          0	
 10083292	  20.74838	       -84	         118	            0	                 0	          0	
 10083342	  20.74738	       -84	         118	            0	                 0	          0	
 10083392	  20.39826	       -84	         117	            0	                 0	          0	
 10083442	  20.60723	       -85	         116	            0	                 0	          0	
 10083492	  20.30525	       -84	         115	            0	                 0	          0	
 10083542	  20.13689	       -83	         116	            0	                 0	          0	
 10083592	  20.46366	       -83	         116	            0	                 0	          0	
 10083642	  20.74985	       -84	         116	            0	                 0	          0	
 10083692	  20.71122	       -84	         117	            0	                 0	          0	
 10083742	  20.26015	       -84	         117	            0	                 0	          0	
 10083792	  20.53653	       -84	         118	            0	                 0	          0	
 10083842	  20.55911	       -84	         117	            0	                 0	          0	
 10083892	    20.701	       -84	         117	            0	                 0	          0	
 10083942	  20.64967	       -83	         117	            0	                 0	          0	
 10083992	  20.12551	       -83	         114	            0	                 0	          0	
 10084042	  20.31313	       -84	         114	            0	                 0	          0	
 10084092	  20.78149	       -83	         117	            0	                 0	          0	
 10084142	  20.93803	       -83	         119	            0	                 0	          0	
 10084192	   20.7428	       -84	         118	            0	                 0	          0	
 10084242	  20.85309	       -84	         118	            0	                 0	          0	
 10084292	  20.76844	       -84	         116	            0	                 0	          0	
 10084342	  20.10814	       -84	         113	            0	                 0	          0	
 10084392	    20.141	       -84	         113	            0	                 0	          0	
 10084442	  20.46134	       -84	         116	            0	                 0	          0	
 10084492	  20.41175	       -83	         117	            0	                 0	          0	
 10084542	  20.21798	       -83	         115	            0	                 0	          0	
 10084592	  20.48133	       -83	         115	            0	                 0	          0	
 10084642	   20.5936	       -84	         116	            0	                 0	          0	
 10084692	  20.85249	       -83	         119	            0	                 0	          0	
 10084742	  20.89899	       -83	         119	            0	                 0	          0	
 10084792	  20.35095	       -83	         116	            0	                 0	          0	
 10084842	  20.24269	       -82	         116	            0	                 0	          0	
 10084892	  20.24536	       -84	         115	            0	                 0	          0	
 10084942	  20.56208	       -84	         116	            0	                 0	          0	
 10084992	  20.79653	       -83	         118	            0	                 0	          0	
 10085042	  20.93451	       -83	         118	            0	                 0	          0	
 10085092	  20.96105	       -83	         118	            0	                 0	          0	
 10085142	  20.72717	       -83	         118	            0	                 0	          0	
 10085192	  20.27208	       -83	         116	            0	                 0	          0	
 10085242	  20.00516	       -83	         114	            0	                 0	          0	
 10085292	  19.77984	       -83	         113	            0	                 0	          0	
 10085342	  20.26831	       -84	         117	            0	                 0	          0	
 10085392	  21.41133	       -84	         120	            0	                 0	          0	
 10085442	  21.28516	       -83	         119	            0	                 0	          0	
 10085492	  20.78903	       -83	         118	            0	                 0	          0	
 10085542	  20.94696	       -83	         117	            0	                 0	          0	
 10085592	  21.26767	       -83	         117	            0	                 0	          0	
 10085642	  20.86865	       -83	         118	            0	                 0	          0	
 10085692	  20.77311	       -83	         118	            0	                 0	          0	
 10085742	  20.49597	       -84	         118	            0	                 0	          0	
 10085792	  20.04152	       -83	         116	            0	                 0	          0	
 10085842	  20.38059	       -83	         116	            0	                 0	          0	
 10085892	  20.52601	       -83	         117	            0	                 0	          0	
 10085942	  20.24262	       -84	         118	            0	                 0	          0	
 10085992	  20.00349	       -84	         117	            0	                 0	          0	
 10086042	  20.15635	       -84	         116	            0	                 0	          0	
 10086092	  20.26936	       -84	         115	            0	                 0	          0	
 10086142	  20.05491	       -85	         114	            0	                 0	          0	
 10086192	  20.07784	       -84	         115	            0	                 0	          0	
 10086242	  20.35682	       -83	         115	            0	                 0	          0	
 10086292	  20.45583	       -84	         115	            0	                 0	          0	
 10086342	  20.48694	       -84	         115	            0	                 0	          0	
 10086392	  20.26269	       -84	         115	            0	                 0	          0	
 10086442	  20.02736	       -84	         116	            0	                 0	          0	
 10086492	  19.97513	       -83	         115	            0	                 0	          0	
 10086542	   19.8152	       -83	         113	            0	                 0	          0	
 10086592	  20.04566	       -84	         115	            0	                 0	          0	
 10086642	  20.29553	       -84	         117	            0	                 0	          0	
 10086692	  20.24386	       -83	         116	            0	                 0	          0	
 10086742	  19.98137	       -83	         115	            0	                 0	          0	
 10086792	  19.91012	       -84	         115	            0	                 0	          0	
 10086842	   20.0031	       -84	         117	            0	                 0	          0	
 10086892	  19.73106	       -84	         116	            0	                 0	          0	
 10086942	  20.20533	       -84	         117	            0	                 0	          0	
 10086992	  20.51552	       -83	         117	            0	                 0	          0	
 10087042	  19.98314	       -83	         116	            0	                 0	          0	
 10087092	  20.04669	       -83	         115	            0	                 0	          0	
 10087142	  20.60978	       -83	         117	            0	                 0	          0	
 10087192	  20.58255	       -83	         116	            0	                 0	          0	
 10087242	  20.58206	       -83	         115	            0	                 0	          0	
 10087292	  20.63797	       -83	         117	            0	                 0	          0	
 10087342	    20.584	       -84	         117	            0	                 0	          0	
 10087392	  20.59521	       -83	         115	            0	                 0	          0	
 10087442	   20.5496	       -83	         116	            0	                 0	          0	
 10087492	  19.86165	       -84	         115	            0	                 0	          0	
 10087542	  20.03933	       -84	         116	            0	                 0	          0	
 10087592	  20.64953	       -83	         118	            0	                 0	          0	
 10087642	  20.22186	       -83	         115	            0	                 0	          0	
 10087692	   20.5756	       -83	         116	            0	                 0	          0	
 10087742	   20.4824	       -83	         116	            0	                 0	          0	
 10087792	  20.02224	       -84	         114	            0	                 0	          0	
 10087842	  20.30364	       -84	         116	            0	                 0	          0	
 10087892	  20.38033	       -84	         116	            0	                 0	          0	
 10087942	  20.16473	       -84	         114	            0	                 0	          0	
 10087992	  20.07153	       -84	         114	            0	                 0	          0	
 10088042	  20.20907	       -84	         115	            0	                 0	          0	
 10088092	  20.40816	       -83	         117	            0	                 0	          0	
 10088142	  20.54507	       -83	         116	            0	                 0	          0	
 10088192	   20.3859	       -83	         115	            0	                 0	          0	
 10088242	  20.50701	       -83	         115	            0	                 0	          0	
 10088292	  20.69143	       -83	         117	            0	                 0	          0	
 10088342	  20.12099	       -83	         115	            0	                 0	          0	
 10088392	  20.02537	       -83	         116	            0	                 0	          0	
 10088442	  20.16291	       -83	         116	            0	                 0	          0	
 10088492	  20.11003	       -84	         113	            0	                 0	          0	
 10088542	  19.56993	       -83	         113	            0	                 0	          0	
 10088592	  19.54208	       -83	         115	            0	                 0	          0	
 10088642	  20.25873	       -83	         116	            0	                 0	          0	
 10088692	  20.61273	       -83	         116	            0	                 0	          0	
 10088742	  20.52504	       -83	         117	            0	                 0	          0	
 10088792	  20.45242	       -83	         117	            0	                 0	          0	
 10088842	  20.57006	       -83	         118	            0	                 0	          0	
 10088892	  20.46083	       -83	         117	            0	                 0	          0	
 10088942	  20.61261	       -83	         117	            0	                 0	          0	
 10088992	  20.67676	       -84	         118	            0	                 0	          0	
 10089042	  20.31858	       -84	         116	            0	                 0	          0	
 10089092	  20.37463	       -84	         117	            0	                 0	          0	
 10089142	  20.61518	       -83	         120	            0	                 0	          0	
 10089192	  20.37891	       -82	         118	            0	                 0	          0	
 10089242	  20.32374	       -84	         115	            0	                 0	          0	
 10089292	  20.42149	       -84	         115	            0	                 0	          0	
 10089342	  20.43864	       -83	         117	            0	                 0	          0	
 10089392	  19.99684	       -83	         117	            0	                 0	          0	
 10089442	  19.52586	       -84	         114	            0	                 0	          0	
 10089492	   19.4678	       -84	         113	            0	                 0	          0	
 10089542	  19.54254	       -83	         113	            0	                 0	          0	
 10089592	  19.95007	       -83	         114	            0	                 0	          0	
 10089642	  20.45832	       -84	         117	            0	                 0	          0	
 10089692	  20.57334	       -84	         118	            0	                 0	          0	
 10089742	  20.07273	       -83	         115	            0	                 0	          0	
 10089792	  20.07148	       -83	         116	            0	                 0	          0	
 10089842	   20.5666	       -83	         117	            0	                 0	          0	
 10089892	   20.6468	       -84	         116	            0	                 0	          0	
 10089942	  20.48699	       -84	         117	            0	                 0	          0	
 10089992	  20.29107	       -84	         117	            0	                 0	          0	
 10090042	  20.27099	       -83	         115	            0	                 0	          0	
 10090092	  20.44158	       -84	         117	            0	                 0	          0	
 10090142	    20.468	       -84	         117	            0	                 0	          0	
 10090192	  19.77353	       -83	         114	            0	                 0	          0	
 10090242	  19.76645	       -82	         114	            0	                 0	          0	
 10090292	  20.15682	       -82	         114	            0	                 0	          0	
 10090342	  20.26518	       -82	         116	            0	                 0	          0	
 10090392	  20.33901	       -83	         117	            0	                 0	          0	
 10090442	  19.80725	       -84	         114	            0	                 0	          0	
 10090492	  19.94838	       -84	         115	            0	                 0	          0	
 10090542	   20.5134	       -83	         117	            0	                 0	          0	
 10090592	    20.272	       -83	         116	            0	                 0	          0	
 10090642	  20.72652	       -83	         119	            0	                 0	          0	
 10090692	  20.73682	       -83	         119	            0	                 0	          0	
 10090742	  19.93911	       -82	         115	            0	                 0	          0	
 10090792	  20.04142	       -82	         114	            0	                 0	          0	
 10090842	   20.2056	       -83	         114	            0	                 0	          0	
 10090892	  20.25073	       -83	         115	            0	                 0	          0	
 10090942	  20.28827	       -84	         115	            0	                 0	          0	
 10090992	  19.93882	       -84	         116	            0	                 0	          0	
 10091042	  19.59936	       -84	         115	            0	                 0	          0	
 10091092	  20.07863	       -83	         115	            0	                 0	          0	
 10091142	  20.40578	       -84	         118	            0	                 0	          0	
 10091192	   19.8863	       -83	         116	            0	                 0	          0	
 10091242	  19.89642	       -83	         115	            0	                 0	          0	
 10091292	   20.4147	       -83	         118	            0	                 0	          0	
 10091342	  20.15069	       -83	         115	            0	                 0	          0	
 10091392	  19.84231	       -84	         114	            0	                 0	          0	
 10091442	  19.85131	       -83	         117	            0	                 0	          0	
 10091492	  20.38692	       -83	         118	            0	                 0	          0	
 10091542	  20.33695	       -83	         118	            0	                 0	          0	
 10091592	  19.85523	       -83	         117	            0	                 0	          0	
 10091642	  20.36047	       -84	         117	            0	                 0	          0	
 10091692	   20.0158	       -83	         116	            0	                 0	          0	
 10091742	  19.70097	       -84	         115	            0	                 0	          0	
 10091792	  20.15356	       -84	         116	            0	                 0	          0	
 10091842	  20.16937	       -83	         115	            0	                 0	          0	
 10091892	  20.35468	       -83	         116	            0	                 0	          0	
 10091942	  20.38002	       -83	         115	            0	                 0	          0	
 10091992	  20.45235	       -83	         116	            0	                 0	          0	
 10092042	  20.36597	       -84	         117	            0	                 0	          0	
 10092092	   19.9109	       -83	         116	            0	                 0	          0	
 10092142	  19.96343	       -84	         115	            0	                 0	          0	
 10092192	  20.23113	       -84	         116	            0	                 0	          0	
 10092242	  20.26855	       -84	         117	            0	                 0	          0	
 10092292	  20.06764	       -83	         117	            0	                 0	          0	
 10092342	    19.973	       -83	         117	            0	                 0	          0	
 10092392	  20.04453	       -83	         116	            0	                 0	          0	
 10092442	  20.23908	       -83	         117	            0	                 0	          0	
 10092492	  20.31473	       -82	         117	            0	                 0	          0	
 10092542	  20.06958	       -83	         115	            0	                 0	          0	
 10092592	  19.94963	       -84	         115	            0	                 0	          0	
 10092642	  19.88171	       -84	         116	            0	                 0	          0	
 10092692	  19.93146	       -84	         115	            0	                 0	          0	
 10092742	  20.03472	       -83	         116	            0	                 0	          0	
 10092792	  20.13494	       -83	         117	            0	                 0	          0	
 10092842	  20.12938	       -84	         116	            0	                 0	          0	
 10092892	  19.71371	       -84	         114	            0	                 0	          0	
 10092942	  19.89321	       -84	         116	            0	                 0	          0	
 10092992	  20.50973	       -83	         118	            0	                 0	          0	
 10093042	    20.628	       -81	         118	            0	                 0	          0	
 10093092	  20.35972	       -82	         117	            0	                 0	          0	
 10093142	  20.16492	       -83	         115	            0	                 0	          0	
 10093192	  19.97356	       -83	         115	            0	                 0	          0	
 10093242	  20.07207	       -83	         116	            0	                 0	          0	
 10093292	   20.3107	       -84	         117	            0	                 0	          0	
 10093342	  20.05549	       -84	         115	            0	                 0	          0	
 10093392	   20.2984	       -83	         115	            0	                 0	          0	
 10093442	  20.59714	       -83	         119	            0	                 0	          0	
 10093492	  20.49376	       -84	         119	            0	                 0	          0	
 10093542	  20.18908	       -84	         115	            0	                 0	          0	
 10093592	  19.92913	       -83	         115	            0	                 0	          0	
 10093642	  20.04365	       -83	         116	            0	                 0	          0	
 10093692	  20.03184	       -83	         117	            0	                 0	          0	
 10093742	  20.32753	       -83	         119	            0	                 0	          0	
 10093792	   20.1151	       -83	         116	            0	                 0	          0	
 10093842	  19.78264	       -82	         114	            0	                 0	          0	
 10093892	  19.90095	       -82	         114	            0	                 0	          0	
 10093942	  19.96989	       -83	         113	            0	                 0	          0	
 10093992	  20.12122	       -84	         114	            0	                 0	          0	
 10094042	  19.84187	       -84	         114	            0	                 0	          0	
 10094092	  20.00947	       -84	         116	            0	                 0	          0	
 10094142	  20.39599	       -83	         118	            0	                 0	          0	
 10094192	   20.1122	       -83	         116	            0	                 0	          0	
 10094242	  20.09206	       -85	         114	            0	                 0	          0	
 10094292	   20.0698	       -84	         116	            0	                 0	          0	
 10094342	  20.13444	       -84	         117	            0	                 0	          0	
 10094392	  19.97193	       -83	         115	            0	                 0	          0	
 10094442	  19.78236	       -83	         113	            0	                 0	          0	
 10094492	  19.76661	       -83	         114	            0	                 0	          0	
 10094542	  19.75298	       -83	         114	            0	                 0	          0	
 10094592	  20.07118	       -83	         118	            0	                 0	          0	
 10094642	  20.02445	       -83	         117	            0	                 0	          0	
 10094692	  19.90719	       -84	         117	            0	                 0	          0	
 10094742	  19.88633	       -84	         116	            0	                 0	          0	
 10094792	  19.72601	       -84	         114	            0	                 0	          0	
 10094842	   20.0795	       -84	         116	            0	                 0	          0	
 10094892	  20.23076	       -83	         118	            0	                 0	          0	
 10094942	  19.81188	       -83	         117	            0	                 0	          0	
 10094992	  19.89274	       -83	         115	            0	                 0	          0	
 10095042	   20.0862	       -83	         113	            0	                 0	          0	
 10095092	  20.28536	       -84	         116	            0	                 0	          0	
 10095142	  20.26075	       -84	         116	            0	                 0	          0	
 10095192	  20.10964	       -83	         117	            0	                 0	          0	
 10095242	  20.24484	       -82	         117	            0	                 0	          0	
 10095292	  19.91656	       -82	         116	            0	                 0	          0	
 10095342	  19.77041	       -83	         116	            0	                 0	          0	
 10095392	  19.83158	       -83	         115	            0	                 0	          0	
 10095442	  19.63551	       -82	         114	            0	                 0	          0	
 10095492	  19.79488	       -83	         115	            0	                 0	          0	
 10095542	  19.93457	       -84	         116	            0	                 0	          0	
 10095592	  19.97901	       -84	         115	            0	                 0	          0	
 10095642	  19.75842	       -83	         115	            0	                 0	          0	
 10095692	  19.67856	       -82	         116	            0	                 0	          0	
 10095742	  20.01526	       -83	         118	            0	                 0	          0	
 10095792	  20.00779	       -83	         118	            0	                 0	          0	
 10095842	  19.89004	       -83	         117	            0	                 0	          0	
 10095892	  19.91407	       -84	         115	            0	                 0	          0	
 10095942	  19.75583	       -84	         115	            0	                 0	          0	
 10095992	  19.56509	       -83	         114	            0	                 0	          0	
 10096042	  19.48072	       -83	         113	            0	                 0	          0	
 10096092	  19.51401	       -83	         114	            0	                 0	          0	
 10096142	  19.40542	       -83	         115	            0	                 0	          0	
 10096192	  19.21819	       -83	         115	            0	                 0	          0	
 10096242	  19.36964	       -83	         114	            0	                 0	          0	
 10096292	  19.87271	       -83	         113	            0	                 0	          0	
 10096342	  19.93621	       -83	         114	            0	                 0	          0	
 10096392	  19.31575	       -83	         113	            0	                 0	          0	
 10096442	  19.42255	       -83	         114	            0	                 0	          0	
 10096492	  19.72808	       -83	         116	            0	                 0	          0	
 10096542	  19.67884	       -83	         115	            0	                 0	          0	
 10096592	   19.5216	       -83	         115	            0	                 0	          0	
 10096642	   19.6911	       -83	         115	            0	                 0	          0	
 10096692	  19.87642	       -82	         115	            0	                 0	          0	
 10096742	  19.95919	       -82	         117	            0	                 0	          0	
 10096792	  20.17601	       -82	         118	            0	                 0	          0	
 10096842	  20.24436	       -83	         119	            0	                 0	          0	
 10096892	  19.96428	       -83	         117	            0	                 0	          0	
 10096942	  19.82736	       -83	         116	            0	                 0	          0	
 10096992	  20.02621	       -82	         117	            0	                 0	          0	
 10097042	  19.61401	       -82	         115	            0	                 0	          0	
 10097092	  19.57157	       -83	         116	            0	                 0	          0	
 10097142	  20.12557	       -83	         119	            0	                 0	          0	
 10097192	   19.9674	       -83	         117	            0	                 0	          0	
 10097242	  19.82293	       -83	         115	            0	                 0	          0	
 10097292	  19.97523	       -83	         116	            0	                 0	          0	
 10097342	  19.74223	       -83	         116	            0	                 0	          0	
 10097392	  19.71633	       -83	         116	            0	                 0	          0	
 10097442	  19.85257	       -83	         116	            0	                 0	          0	
 10097492	  19.68844	       -82	         117	            0	                 0	          0	
 10097542	  19.60145	       -82	         115	            0	                 0	          0	
 10097592	  19.43521	       -82	         113	            0	                 0	          0	
 10097642	  19.44019	       -82	         115	            0	                 0	          0	
 10097692	  19.90379	       -84	         117	            0	                 0	          0	
 10097742	  20.06763	       -83	         118	            0	                 0	          0	
 10097792	  19.58284	       -82	         116	            0	                 0	          0	
 10097842	   19.2418	       -82	         112	            0	                 0	          0	
 10097892	  19.83334	       -83	         113	            0	                 0	          0	
 10097942	  20.30082	       -83	         116	            0	                 0	          0	
 10097992	  19.93006	       -82	         116	            0	                 0	          0	
 10098042	  19.79935	       -83	         116	            0	                 0	          0	
 10098092	  20.27787	       -83	         118	            0	                 0	          0	
 10098142	  20.03549	       -82	         114	            0	                 0	          0	
 10098192	  19.50367	       -83	         110	            0	                 0	          0	
 10098242	  19.57605	       -84	         112	            0	                 0	          0	
 10098292	  19.67313	       -83	         115	            0	                 0	          0	
 10098342	  19.45261	       -83	         115	            0	                 0	          0	
 10098392	  19.50205	       -83	         116	            0	                 0	          0	
 10098442	  20.12745	       -82	         118	            0	                 0	          0	
 10098492	  20.17664	       -82	         116	            0	                 0	          0	
 10098542	  19.41784	       -83	         113	            0	                 0	          0	
 10098592	   19.5147	       -83	         113	            0	                 0	          0	
 10098642	  20.00659	       -82	         115	            0	                 0	          0	
 10098692	  19.78281	       -82	         116	            0	                 0	          0	
 10098742	   19.9191	       -82	         116	            0	                 0	          0	
 10098792	  20.17868	       -83	         116	            0	                 0	          0	
 10098842	  19.90469	       -83	         117	            0	                 0	          0	
 10098892	  19.63415	       -83	         117	            0	                 0	          0	
 10098942	   19.8599	       -83	         117	            0	                 0	          0	
 10098992	  20.15346	       -83	         118	            0	                 0	          0	
 10099042	  19.75421	       -83	         117	            0	                 0	          0	
 10099092	  19.51305	       -83	         114	            0	                 0	          0	
 10099142	  19.69238	       -82	         114	            0	                 0	          0	
 10099192	  19.38573	       -83	         113	            0	                 0	          0	
 10099242	   19.5575	       -83	         114	            0	                 0	          0	
 10099292	  19.62191	       -83	         112	            0	                 0	          0	
 10099342	  19.21882	       -81	         110	            0	                 0	          0	
 10099392	  19.62488	       -82	         113	            0	                 0	          0	
 10099442	  19.67519	       -82	         115	            0	                 0	          0	
 10099492	  19.42278	       -82	         113	            0	                 0	          0	
 10099542	  19.85285	       -84	         115	            0	                 0	          0	
 10099592	   19.8883	       -85	         116	            0	                 0	          0	
 10099642	  19.79318	       -83	         115	            0	                 0	          0	
 10099692	  20.07279	       -82	         115	            0	                 0	          0	
 10099742	  20.01871	       -81	         114	            0	                 0	          0	
 10099792	  19.82467	       -82	         115	            0	                 0	          0	
 10099842	  19.61488	       -83	         115	            0	                 0	          0	
 10099892	  19.85538	       -83	         116	            0	                 0	          0	
 10099942	  20.23158	       -82	         118	            0	                 0	          0	
 10099992	  19.94528	       -83	         117	            0	                 0	          0	
 10100042	   19.6887	       -83	         115	            0	                 0	          0	
 10100092	   19.8364	       -83	         114	            0	                 0	          0	
 10100142	  19.65829	       -83	         115	            0	                 0	          0	
 10100192	  19.81872	       -84	         116	            0	                 0	          0	
 10100242	  19.93691	       -83	         116	            0	                 0	          0	
 10100292	  19.83559	       -83	         114	            0	                 0	          0	
 10100342	   19.7569	       -83	         115	            0	                 0	          0	
 10100392	   18.9721	       -83	         113	            0	                 0	          0	
 10100442	  18.57071	       -84	         112	            0	                 0	          0	
 10100492	  19.11411	       -84	         115	            0	                 0	          0	
 10100542	  19.44344	       -83	         115	            0	                 0	          0	
 10100592	   19.6222	       -83	         116	            0	                 0	          0	
 10100642	  19.50025	       -84	         115	            0	                 0	          0	
 10100692	  19.41676	       -82	         114	            0	                 0	          0	
 10100742	  19.70442	       -82	         117	            0	                 0	          0	
 10100792	  19.45983	       -83	         116	            0	                 0	          0	
 10100842	     19.52	       -83	         116	            0	                 0	          0	
 10100892	  19.94606	       -82	         116	            0	                 0	          0	
 10100942	  19.65954	       -83	         115	            0	                 0	          0	
 10100992	   19.6941	       -83	         116	            0	                 0	          0	
 10101042	  19.81873	       -83	         116	            0	                 0	          0	
 10101092	  19.49228	       -83	         115	            0	                 0	          0	
 10101142	  19.59791	       -82	         115	            0	                 0	          0	
 10101192	  19.57216	       -82	         114	            0	                 0	          0	
 10101242	  19.77264	       -82	         115	            0	                 0	          0	
 10101292	  19.83322	       -84	         115	            0	                 0	          0	
 10101342	  19.91393	       -84	         114	            0	                 0	          0	
 10101392	   20.1014	       -83	         117	            0	                 0	          0	
 10101442	    19.707	       -83	         116	            0	                 0	          0	
 10101492	  19.82789	       -82	         116	            0	                 0	          0	
 10101542	  20.13501	       -83	         117	            0	                 0	          0	
 10101592	  19.94932	       -84	         116	            0	                 0	          0	
 10101642	  19.56585	       -83	         114	            0	                 0	          0	
 10101692	  19.41269	       -82	         113	            0	                 0	          0	
 10101742	  19.94084	       -83	         116	            0	                 0	          0	
 10101792	  19.85092	       -83	         116	            0	                 0	          0	
 10101842	  19.32742	       -84	         113	            0	                 0	          0	
 10101892	  19.46919	       -83	         115	            0	                 0	          0	
 10101942	  19.79972	       -83	         117	            0	                 0	          0	
 10101992	  19.79585	       -83	         116	            0	                 0	          0	
 10102042	  20.14385	       -83	         116	            0	                 0	          0	
 10102092	  20.16388	       -84	         116	            0	                 0	          0	
 10102142	  19.76803	       -83	         114	            0	                 0	          0	
 10102192	  19.65133	       -83	         114	            0	                 0	          0	
 10102242	  19.62508	       -84	         114	            0	                 0	          0	
 10102292	  19.70463	       -84	         115	            0	                 0	          0	
 10102342	  19.55876	       -82	         116	            0	                 0	          0	
 10102392	  19.68085	       -83	         115	            0	                 0	          0	
 10102442	  20.05153	       -83	         115	            0	                 0	          0	
 10102492	  20.33779	       -81	         116	            0	                 0	          0	
 10102542	  20.26295	       -81	         118	            0	                 0	          0	
 10102592	  20.05028	       -82	         118	            0	                 0	          0	
 10102642	  19.66272	       -82	         116	            0	                 0	          0	
 10102692	   19.6207	       -83	         116	            0	                 0	          0	
 10102742	    19.735	       -83	         117	            0	                 0	          0	
 10102792	  19.67146	       -83	         116	            0	                 0	          0	
 10102842	  20.03351	       -82	         116	            0	                 0	          0	
 10102892	  20.27573	       -81	         117	            0	                 0	          0	
 10102942	  20.02887	       -83	         116	            0	                 0	          0	
 10102992	  19.66284	       -83	         114	            0	                 0	          0	
 10103042	  19.39308	       -81	         112	            0	                 0	          0	
 10103092	  19.24663	       -81	         112	            0	                 0	          0	
 10103142	  19.54742	       -83	         115	            0	                 0	          0	
 10103192	  19.69264	       -83	         117	            0	                 0	          0	
 10103242	  19.74879	       -83	         118	            0	                 0	          0	
 10103292	  19.98519	       -84	         118	            0	                 0	          0	
 10103342	  19.93625	       -84	         117	            0	                 0	          0	
 10103392	  19.93648	       -83	         116	            0	                 0	          0	
 10103442	  19.96896	       -82	         116	            0	                 0	          0	
 10103492	  19.59818	       -83	         115	            0	                 0	          0	
 10103542	  19.49513	       -82	         114	            0	                 0	          0	
 10103592	  19.57397	       -82	         115	            0	                 0	          0	
 10103642	  19.21994	       -82	         113	            0	                 0	          0	
 10103692	   19.0759	       -82	         112	            0	                 0	          0	
 10103742	  19.28487	       -83	         114	            0	                 0	          0	
 10103792	  19.51417	       -82	         115	            0	                 0	          0	
 10103842	  19.34141	       -82	         115	            0	                 0	          0	
 10103892	  19.23673	       -83	         114	            0	                 0	          0	
 10103942	  19.47684	       -83	         114	            0	                 0	          0	
 10103992	   19.5041	       -83	         115	            0	                 0	          0	
 10104042	  19.72227	       -82	         116	            0	                 0	          0	
 10104092	  19.81195	       -82	         115	            0	                 0	          0	
 10104142	  19.60641	       -82	         114	            0	                 0	          0	
 10104192	  19.51153	       -83	         113	            0	                 0	          0	
 10104242	  19.28717	       -82	         113	            0	                 0	          0	
 10104292	  19.65876	       -82	         115	            0	                 0	          0	
 10104342	  20.26005	       -82	         117	            0	                 0	          0	
 10104392	  20.10562	       -82	         115	            0	                 0	          0	
 10104442	  19.53511	       -83	         114	            0	                 0	          0	
 10104492	  19.61909	       -84	         117	            0	                 0	          0	
 10104542	  19.89321	       -83	         116	            0	                 0	          0	
