PiuTimeStamp	Irrigation	Power Mode	AblTime1	Power1	Impedance1	DistalTemperature1	ProximalTemperature1	
      4630014	         -1	          0	    3000	     9	       100	                45	                   0	
      4630114	         -1	          0	    3100	     9	       100	                45	                   0	
      4630214	         -1	          0	    3200	     9	       100	                45	                   0	
      4630314	         -1	          0	    3300	     9	       100	                45	                   0	
      4630414	         -1	          0	    3400	     9	       100	                45	                   0	
      4630514	         -1	          0	    3500	     9	       100	                46	                   0	
      4630614	         -1	          0	    3600	    10	       100	                46	                   0	
      4630714	         -1	          0	    3700	    10	       100	                46	                   0	
      4630814	         -1	          0	    3800	    10	       100	                46	                   0	
      4630914	         -1	          0	    3900	    10	       100	                46	                   0	
      4631014	         -1	          0	    4000	    10	       100	                47	                   0	
      4631114	         -1	          0	    4100	    10	       100	                47	                   0	
      4631214	         -1	          0	    4200	    10	       100	                47	                   0	
      4631314	         -1	          0	    4300	    10	       100	                47	                   0	
      4631414	         -1	          0	    4400	    10	       100	                47	                   0	
      4631514	         -1	          0	    4500	    10	       100	                48	                   0	
      4631614	         -1	          0	    4600	    11	       100	                48	                   0	
      4631714	         -1	          0	    4700	    11	       100	                48	                   0	
      4631814	         -1	          0	    4800	    11	       100	                48	                   0	
      4631914	         -1	          0	    4900	    11	       100	                48	                   0	
      4632013	         -1	          0	    5000	    11	       100	                48	                   0	
      4632113	         -1	          0	    5100	    11	       100	                48	                   0	
      4632213	         -1	          0	    5200	    11	       100	                49	                   0	
      4632313	         -1	          0	    5300	    11	       100	                49	                   0	
      4632413	         -1	          0	    5400	    11	       100	                49	                   0	
      4632513	         -1	          0	    5500	    11	       100	                49	                   0	
      4632613	         -1	          0	    5600	    11	       100	                49	                   0	
      4632713	         -1	          0	    5700	    11	       100	                49	                   0	
      4632813	         -1	          0	    5800	    12	       100	                49	                   0	
      4632913	         -1	          0	    5900	    11	       100	                49	                   0	
      4633013	         -1	          0	    6000	    11	        99	                50	                   0	
      4633113	         -1	          0	    6100	    11	       100	                50	                   0	
      4633213	         -1	          0	    6200	    12	       100	                50	                   0	
      4633313	         -1	          0	    6300	    12	       100	                50	                   0	
      4633413	         -1	          0	    6400	    12	        99	                50	                   0	
      4633513	         -1	          0	    6500	    12	       100	                50	                   0	
      4633613	         -1	          0	    6600	    12	        99	                50	                   0	
      4633713	         -1	          0	    6700	    12	        99	                50	                   0	
      4633813	         -1	          0	    6800	    12	        99	                50	                   0	
      4633912	         -1	          0	    6900	    12	        99	                50	                   0	
      4634012	         -1	          0	    7000	    12	       100	                51	                   0	
      4634112	         -1	          0	    7100	    12	        99	                51	                   0	
      4634212	         -1	          0	    7200	    12	       100	                51	                   0	
      4634312	         -1	          0	    7300	    12	        99	                51	                   0	
      4634412	         -1	          0	    7400	    13	        99	                51	                   0	
      4634512	         -1	          0	    7500	    12	       100	                51	                   0	
      4634612	         -1	          0	    7600	    12	       100	                51	                   0	
      4634712	         -1	          0	    7700	    12	        99	                51	                   0	
      4634812	         -1	          0	    7800	    13	        99	                51	                   0	
      4634912	         -1	          0	    7900	    13	       100	                51	                   0	
      4635012	         -1	          0	    8000	    12	       100	                51	                   0	
      4635112	         -1	          0	    8100	    13	       100	                51	                   0	
      4635212	         -1	          0	    8200	    12	       100	                52	                   0	
      4635312	         -1	          0	    8300	    13	       100	                52	                   0	
      4635412	         -1	          0	    8400	    13	        99	                52	                   0	
      4635512	         -1	          0	    8500	    12	       100	                52	                   0	
      4635612	         -1	          0	    8600	    13	       100	                52	                   0	
      4635712	         -1	          0	    8700	    13	        99	                52	                   0	
      4635812	         -1	          0	    8800	    13	        99	                52	                   0	
      4635912	         -1	          0	    8900	    13	       100	                52	                   0	
      4636012	         -1	          0	    9000	    13	        99	                52	                   0	
      4636112	         -1	          0	    9100	    13	        99	                52	                   0	
      4636212	         -1	          0	    9200	    13	       100	                52	                   0	
      4636312	         -1	          0	    9300	    13	        99	                52	                   0	
      4636412	         -1	          0	    9400	    13	        99	                52	                   0	
      4636512	         -1	          0	    9500	    13	       100	                52	                   0	
      4636612	         -1	          0	    9600	    13	        99	                52	                   0	
      4636712	         -1	          0	    9700	    13	        99	                52	                   0	
      4636812	         -1	          0	    9800	    13	        99	                53	                   0	
      4636912	         -1	          0	    9900	    14	       100	                53	                   0	
      4637012	         -1	          0	   10000	    13	       100	                53	                   0	
      4637112	         -1	          0	   10100	    13	       100	                53	                   0	
      4637212	         -1	          0	   10200	    14	       100	                53	                   0	
      4637312	         -1	          0	   10300	    13	        99	                53	                   0	
      4637412	         -1	          0	   10400	    13	        99	                53	                   0	
      4637511	         -1	          0	   10500	    13	       100	                53	                   0	
      4637611	         -1	          0	   10600	    13	       100	                53	                   0	
      4637711	         -1	          0	   10700	    14	       100	                53	                   0	
      4637811	         -1	          0	   10800	    13	       100	                53	                   0	
      4637911	         -1	          0	   10900	    13	       100	                53	                   0	
      4638011	         -1	          0	   11000	    13	        99	                53	                   0	
      4638111	         -1	          0	   11100	    13	       100	                53	                   0	
      4638211	         -1	          0	   11200	    14	        99	                53	                   0	
      4638311	         -1	          0	   11300	    14	        99	                53	                   0	
      4638411	         -1	          0	   11400	    14	       100	                53	                   0	
      4638511	         -1	          0	   11500	    13	        99	                53	                   0	
      4638611	         -1	          0	   11600	    14	        99	                53	                   0	
      4638711	         -1	          0	   11700	    14	       100	                53	                   0	
      4638811	         -1	          0	   11800	    13	       100	                53	                   0	
      4638911	         -1	          0	   11900	    14	       100	                53	                   0	
      4639011	         -1	          0	   12000	    13	        99	                54	                   0	
      4639111	         -1	          0	   12100	    14	        99	                53	                   0	
      4639211	         -1	          0	   12200	    14	       100	                53	                   0	
      4639311	         -1	          0	   12300	    14	        99	                54	                   0	
      4639411	         -1	          0	   12400	    14	        99	                53	                   0	
      4639511	         -1	          0	   12500	    13	        99	                53	                   0	
      4639611	         -1	          0	   12600	    14	       100	                54	                   0	
      4639711	         -1	          0	   12700	    14	       100	                54	                   0	
      4639811	         -1	          0	   12800	    14	        99	                54	                   0	
      4639911	         -1	          0	   12900	    14	       100	                54	                   0	
      4640011	         -1	          0	   13000	    14	        99	                54	                   0	
      4640111	         -1	          0	   13100	    14	        99	                54	                   0	
      4640211	         -1	          0	   13200	    14	        99	                54	                   0	
      4640311	         -1	          0	   13300	    14	        99	                54	                   0	
      4640411	         -1	          0	   13400	    14	       100	                54	                   0	
      4640511	         -1	          0	   13500	    14	        99	                54	                   0	
      4640611	         -1	          0	   13600	    13	        99	                54	                   0	
      4640711	         -1	          0	   13700	    14	        99	                54	                   0	
      4640811	         -1	          0	   13800	    14	        99	                54	                   0	
      4640911	         -1	          0	   13900	    14	        99	                54	                   0	
      4641011	         -1	          0	   14000	    13	        99	                54	                   0	
      4641111	         -1	          0	   14100	    14	        99	                54	                   0	
      4641211	         -1	          0	   14200	    14	        99	                54	                   0	
      4641311	         -1	          0	   14300	    14	        99	                54	                   0	
      4641411	         -1	          0	   14400	    14	        99	                54	                   0	
      4641511	         -1	          0	   14500	    14	        99	                54	                   0	
      4641611	         -1	          0	   14600	    14	        99	                54	                   0	
      4641711	         -1	          0	   14700	    14	        99	                54	                   0	
      4641811	         -1	          0	   14800	    14	       100	                54	                   0	
      4641911	         -1	          0	   14900	    14	        99	                54	                   0	
      4642011	         -1	          0	   15000	    13	        99	                54	                   0	
      4642111	         -1	          0	   15100	    14	        99	                54	                   0	
      4642211	         -1	          0	   15200	    13	        99	                54	                   0	
      4642311	         -1	          0	   15300	    14	        99	                54	                   0	
      4642411	         -1	          0	   15400	    14	        99	                54	                   0	
      4642511	         -1	          0	   15500	    14	        99	                54	                   0	
      4642611	         -1	          0	   15600	    14	       100	                54	                   0	
      4642711	         -1	          0	   15700	    14	        99	                54	                   0	
      4642811	         -1	          0	   15800	    14	        99	                54	                   0	
      4642910	         -1	          0	   15900	    14	        99	                54	                   0	
      4643011	         -1	          0	   16000	    14	        99	                54	                   0	
      4643111	         -1	          0	   16100	    14	        99	                54	                   0	
      4643211	         -1	          0	   16200	    14	        99	                54	                   0	
      4643310	         -1	          0	   16300	    14	        99	                54	                   0	
      4643410	         -1	          0	   16400	    14	        99	                54	                   0	
      4643510	         -1	          0	   16500	    14	        99	                54	                   0	
      4643610	         -1	          0	   16600	    14	        99	                54	                   0	
      4643710	         -1	          0	   16700	    14	        99	                54	                   0	
      4643810	         -1	          0	   16800	    14	        99	                54	                   0	
      4643910	         -1	          0	   16900	    14	        99	                54	                   0	
      4644012	         -1	          0	   17000	    14	        99	                54	                   0	
      4644112	         -1	          0	   17100	    13	        99	                54	                   0	
      4644212	         -1	          0	   17200	    14	        99	                54	                   0	
      4644312	         -1	          0	   17300	    14	       100	                54	                   0	
      4644412	         -1	          0	   17400	    14	        99	                54	                   0	
      4644512	         -1	          0	   17500	    14	        99	                54	                   0	
      4644612	         -1	          0	   17600	    14	        99	                54	                   0	
      4644712	         -1	          0	   17700	    14	        99	                54	                   0	
      4644812	         -1	          0	   17800	    14	        99	                54	                   0	
      4644912	         -1	          0	   17900	    14	       100	                54	                   0	
      4645012	         -1	          0	   18000	    14	       100	                54	                   0	
      4645112	         -1	          0	   18100	    14	        99	                54	                   0	
      4645212	         -1	          0	   18200	    14	        99	                54	                   0	
      4645312	         -1	          0	   18300	    14	        99	                54	                   0	
      4645412	         -1	          0	   18400	    14	        99	                54	                   0	
      4645512	         -1	          0	   18500	    14	        99	                54	                   0	
      4645612	         -1	          0	   18600	    14	        99	                54	                   0	
      4645712	         -1	          0	   18700	    14	        99	                54	                   0	
      4645812	         -1	          0	   18800	    14	        99	                54	                   0	
      4645912	         -1	          0	   18900	    14	        99	                54	                   0	
      4646012	         -1	          0	   19000	    14	        99	                54	                   0	
      4646112	         -1	          0	   19100	    14	        99	                54	                   0	
      4646212	         -1	          0	   19200	    14	        99	                55	                   0	
      4646312	         -1	          0	   19300	    14	        99	                55	                   0	
      4646412	         -1	          0	   19400	    14	        99	                55	                   0	
      4646512	         -1	          0	   19500	    14	        99	                55	                   0	
      4646612	         -1	          0	   19600	    14	        99	                54	                   0	
      4646712	         -1	          0	   19700	    14	        99	                54	                   0	
      4646812	         -1	          0	   19800	    13	        99	                55	                   0	
      4646912	         -1	          0	   19900	    14	        99	                55	                   0	
      4647012	         -1	          0	   20000	    14	        99	                54	                   0	
      4647112	         -1	          0	   20100	    14	        99	                55	                   0	
      4647212	         -1	          0	   20200	    14	        99	                54	                   0	
      4647312	         -1	          0	   20300	    13	        99	                54	                   0	
      4647412	         -1	          0	   20400	    14	        99	                55	                   0	
      4647512	         -1	          0	   20500	    13	        99	                55	                   0	
      4647612	         -1	          0	   20600	    14	        99	                55	                   0	
      4647712	         -1	          0	   20700	    14	        99	                54	                   0	
      4647812	         -1	          0	   20800	    13	        99	                54	                   0	
      4647912	         -1	          0	   20900	    14	        99	                55	                   0	
      4648012	         -1	          0	   21000	    14	        99	                55	                   0	
      4648112	         -1	          0	   21100	    14	        99	                55	                   0	
      4648212	         -1	          0	   21200	    13	        99	                55	                   0	
      4648312	         -1	          0	   21300	    14	        99	                55	                   0	
      4648412	         -1	          0	   21400	    14	        99	                55	                   0	
      4648512	         -1	          0	   21500	    13	        99	                55	                   0	
      4648612	         -1	          0	   21600	    14	        99	                55	                   0	
      4648711	         -1	          0	   21700	    13	        99	                55	                   0	
      4648812	         -1	          0	   21800	    13	        99	                55	                   0	
      4648912	         -1	          0	   21900	    14	        99	                55	                   0	
      4649011	         -1	          0	   22000	    13	        99	                55	                   0	
      4649112	         -1	          0	   22100	    14	        99	                55	                   0	
      4649211	         -1	          0	   22200	    13	        99	                55	                   0	
      4649311	         -1	          0	   22300	    14	        99	                55	                   0	
      4649411	         -1	          0	   22400	    14	        99	                55	                   0	
      4649511	         -1	          0	   22500	    14	        99	                55	                   0	
      4649611	         -1	          0	   22600	    14	        99	                55	                   0	
      4649711	         -1	          0	   22700	    13	        99	                55	                   0	
      4649811	         -1	          0	   22800	    13	        99	                55	                   0	
      4649911	         -1	          0	   22900	    13	        99	                55	                   0	
      4650011	         -1	          0	   23000	    14	        99	                55	                   0	
      4650111	         -1	          0	   23100	    13	        99	                55	                   0	
      4650211	         -1	          0	   23200	    14	        99	                55	                   0	
      4650311	         -1	          0	   23300	    14	        99	                55	                   0	
      4650411	         -1	          0	   23400	    14	        99	                55	                   0	
      4650511	         -1	          0	   23500	    14	        99	                55	                   0	
      4650611	         -1	          0	   23600	    14	        99	                55	                   0	
      4650711	         -1	          0	   23700	    14	        99	                55	                   0	
      4650811	         -1	          0	   23800	    13	        99	                55	                   0	
      4650911	         -1	          0	   23900	    13	        99	                55	                   0	
      4651011	         -1	          0	   24000	    13	        99	                55	                   0	
      4651111	         -1	          0	   24100	    13	        99	                55	                   0	
      4651211	         -1	          0	   24200	    13	        99	                55	                   0	
      4651311	         -1	          0	   24300	    13	        99	                55	                   0	
      4651411	         -1	          0	   24400	    14	        99	                55	                   0	
      4651511	         -1	          0	   24500	    13	        99	                55	                   0	
      4651611	         -1	          0	   24600	    13	        99	                55	                   0	
      4651711	         -1	          0	   24700	    13	        99	                55	                   0	
      4651811	         -1	          0	   24800	    13	        99	                55	                   0	
      4651911	         -1	          0	   24900	    13	        99	                55	                   0	
      4652011	         -1	          0	   25000	    13	        99	                55	                   0	
      4652111	         -1	          0	   25100	    14	        99	                55	                   0	
      4652211	         -1	          0	   25200	    13	        99	                55	                   0	
      4652311	         -1	          0	   25300	    14	        99	                55	                   0	
      4652411	         -1	          0	   25400	    13	        99	                55	                   0	
      4652511	         -1	          0	   25500	    14	        99	                55	                   0	
      4652611	         -1	          0	   25600	    13	        99	                55	                   0	
      4652711	         -1	          0	   25700	    13	        99	                55	                   0	
      4652811	         -1	          0	   25800	    13	        99	                55	                   0	
      4652911	         -1	          0	   25900	    13	        99	                55	                   0	
      4653011	         -1	          0	   26000	    13	        99	                55	                   0	
      4653111	         -1	          0	   26100	    13	        99	                55	                   0	
      4653211	         -1	          0	   26200	    13	        99	                55	                   0	
      4653311	         -1	          0	   26300	    13	        99	                55	                   0	
      4653411	         -1	          0	   26400	    13	        99	                55	                   0	
      4653511	         -1	          0	   26500	    14	        99	                55	                   0	
      4653611	         -1	          0	   26600	    14	        99	                55	                   0	
      4653711	         -1	          0	   26700	    13	        99	                55	                   0	
      4653811	         -1	          0	   26800	    13	        99	                55	                   0	
      4653911	         -1	          0	   26900	    13	        99	                55	                   0	
      4654013	         -1	          0	   27000	    13	        99	                54	                   0	
      4654113	         -1	          0	   27100	    13	        99	                55	                   0	
      4654213	         -1	          0	   27200	    13	        99	                55	                   0	
      4654313	         -1	          0	   27300	    14	        99	                55	                   0	
      4654413	         -1	          0	   27400	    13	        99	                55	                   0	
      4654513	         -1	          0	   27500	    13	        99	                55	                   0	
      4654612	         -1	          0	   27600	    13	        99	                55	                   0	
      4654712	         -1	          0	   27700	    13	        99	                54	                   0	
      4654812	         -1	          0	   27800	    14	        99	                55	                   0	
      4654912	         -1	          0	   27900	    13	        99	                55	                   0	
      4655012	         -1	          0	   28000	    13	        99	                55	                   0	
      4655112	         -1	          0	   28100	    14	        99	                55	                   0	
      4655212	         -1	          0	   28200	    14	        99	                55	                   0	
      4655312	         -1	          0	   28300	    13	        99	                55	                   0	
      4655412	         -1	          0	   28400	    13	        99	                55	                   0	
      4655512	         -1	          0	   28500	    13	        98	                55	                   0	
      4655612	         -1	          0	   28600	    13	        99	                55	                   0	
      4655712	         -1	          0	   28700	    13	        99	                55	                   0	
      4655812	         -1	          0	   28800	    13	        99	                55	                   0	
      4655912	         -1	          0	   28900	    14	        99	                55	                   0	
      4656012	         -1	          0	   29000	    13	        99	                55	                   0	
      4656112	         -1	          0	   29100	    13	        99	                55	                   0	
      4656212	         -1	          0	   29200	    13	        99	                55	                   0	
      4656312	         -1	          0	   29300	    13	        99	                55	                   0	
      4656412	         -1	          0	   29400	    13	        99	                55	                   0	
      4656512	         -1	          0	   29500	    13	        99	                55	                   0	
      4656612	         -1	          0	   29600	    13	        99	                55	                   0	
      4656712	         -1	          0	   29700	    13	        99	                55	                   0	
      4656812	         -1	          0	   29800	    13	        99	                55	                   0	
      4656912	         -1	          0	   29900	    14	        99	                55	                   0	
      4657012	         -1	          0	   30000	    13	        99	                55	                   0	
      4657112	         -1	          0	   30100	    13	        99	                55	                   0	
      4657212	         -1	          0	   30200	    14	        99	                55	                   0	
      4657312	         -1	          0	   30300	    13	        99	                55	                   0	
      4657412	         -1	          0	   30400	    13	        98	                55	                   0	
      4657512	         -1	          0	   30500	    13	        99	                55	                   0	
      4657612	         -1	          0	   30600	    13	        99	                55	                   0	
      4657712	         -1	          0	   30700	    13	        99	                55	                   0	
      4657812	         -1	          0	   30800	    13	        99	                55	                   0	
      4657912	         -1	          0	   30900	    13	        99	                55	                   0	
      4658012	         -1	          0	   31000	    13	        99	                55	                   0	
      4658112	         -1	          0	   31100	    13	        99	                55	                   0	
      4658212	         -1	          0	   31200	    13	        99	                55	                   0	
      4658312	         -1	          0	   31300	    13	        99	                55	                   0	
