PiuTimeStamp	Irrigation	Power Mode	AblTime1	Power1	Impedance1	DistalTemperature1	ProximalTemperature1	
     10060966	         -1	          0	    3500	     9	       100	                45	                   0	
     10061066	         -1	          0	    3600	     9	       100	                45	                   0	
     10061166	         -1	          0	    3700	     9	       100	                45	                   0	
     10061266	         -1	          0	    3800	     9	       100	                46	                   0	
     10061366	         -1	          0	    3900	     9	        99	                46	                   0	
     10061466	         -1	          0	    4000	     9	       100	                46	                   0	
     10061566	         -1	          0	    4100	    10	       100	                46	                   0	
     10061666	         -1	          0	    4200	    10	       100	                46	                   0	
     10061766	         -1	          0	    4300	    10	        99	                46	                   0	
     10061866	         -1	          0	    4400	    10	       100	                46	                   0	
     10061966	         -1	          0	    4500	    10	       100	                46	                   0	
     10062066	         -1	          0	    4600	    10	        99	                47	                   0	
     10062165	         -1	          0	    4700	    10	        99	                47	                   0	
     10062265	         -1	          0	    4800	    10	       100	                47	                   0	
     10062365	         -1	          0	    4900	    11	       100	                47	                   0	
     10062466	         -1	          0	    5000	    10	        99	                47	                   0	
     10062565	         -1	          0	    5100	    11	       100	                47	                   0	
     10062665	         -1	          0	    5200	    11	        99	                47	                   0	
     10062765	         -1	          0	    5300	    11	       100	                47	                   0	
     10062865	         -1	          0	    5400	    11	        99	                48	                   0	
     10062965	         -1	          0	    5500	    11	        99	                48	                   0	
     10063065	         -1	          0	    5600	    11	        99	                48	                   0	
     10063165	         -1	          0	    5700	    11	       100	                48	                   0	
     10063265	         -1	          0	    5800	    12	        99	                48	                   0	
     10063365	         -1	          0	    5900	    12	        99	                48	                   0	
     10063465	         -1	          0	    6000	    12	        99	                48	                   0	
     10063565	         -1	          0	    6100	    12	       100	                48	                   0	
     10063665	         -1	          0	    6200	    12	       100	                48	                   0	
     10063765	         -1	          0	    6300	    12	        99	                49	                   0	
     10063865	         -1	          0	    6400	    13	        99	                49	                   0	
     10063965	         -1	          0	    6500	    13	       100	                49	                   0	
     10064065	         -1	          0	    6600	    13	        99	                49	                   0	
     10064165	         -1	          0	    6700	    13	       100	                49	                   0	
     10064265	         -1	          0	    6800	    13	        99	                49	                   0	
     10064365	         -1	          0	    6900	    13	       100	                49	                   0	
     10064465	         -1	          0	    7000	    13	        99	                49	                   0	
     10064565	         -1	          0	    7100	    13	       100	                49	                   0	
     10064665	         -1	          0	    7200	    14	       100	                49	                   0	
     10064765	         -1	          0	    7300	    13	        99	                49	                   0	
     10064865	         -1	          0	    7400	    14	        99	                50	                   0	
     10064965	         -1	          0	    7500	    14	        99	                50	                   0	
     10065065	         -1	          0	    7600	    14	        99	                50	                   0	
     10065165	         -1	          0	    7700	    14	        99	                50	                   0	
     10065265	         -1	          0	    7800	    14	        99	                50	                   0	
     10065365	         -1	          0	    7900	    14	       100	                50	                   0	
     10065465	         -1	          0	    8000	    14	        99	                50	                   0	
     10065565	         -1	          0	    8100	    14	        99	                50	                   0	
     10065665	         -1	          0	    8200	    14	       100	                50	                   0	
     10065765	         -1	          0	    8300	    14	        99	                50	                   0	
     10065865	         -1	          0	    8400	    15	        99	                50	                   0	
     10065965	         -1	          0	    8500	    14	        99	                50	                   0	
     10066065	         -1	          0	    8600	    15	        99	                50	                   0	
     10066165	         -1	          0	    8700	    15	        99	                50	                   0	
     10066265	         -1	          0	    8800	    15	        99	                50	                   0	
     10066365	         -1	          0	    8900	    15	        99	                50	                   0	
     10066465	         -1	          0	    9000	    15	        99	                51	                   0	
     10066565	         -1	          0	    9100	    15	        99	                51	                   0	
     10066665	         -1	          0	    9200	    15	        99	                51	                   0	
     10066765	         -1	          0	    9300	    15	        99	                51	                   0	
     10066865	         -1	          0	    9400	    16	        99	                51	                   0	
     10066965	         -1	          0	    9500	    15	        99	                51	                   0	
     10067065	         -1	          0	    9600	    15	        99	                51	                   0	
     10067165	         -1	          0	    9700	    15	        99	                51	                   0	
     10067265	         -1	          0	    9800	    16	        99	                51	                   0	
     10067365	         -1	          0	    9900	    16	        99	                51	                   0	
     10067465	         -1	          0	   10000	    16	        99	                51	                   0	
     10067565	         -1	          0	   10100	    16	        99	                51	                   0	
     10067665	         -1	          0	   10200	    16	        99	                51	                   0	
     10067765	         -1	          0	   10300	    16	        99	                51	                   0	
     10067864	         -1	          0	   10400	    16	        99	                51	                   0	
     10067964	         -1	          0	   10500	    16	        99	                51	                   0	
     10068064	         -1	          0	   10600	    16	        99	                51	                   0	
     10068164	         -1	          0	   10700	    16	        99	                51	                   0	
     10068264	         -1	          0	   10800	    16	        99	                52	                   0	
     10068364	         -1	          0	   10900	    17	        98	                52	                   0	
     10068464	         -1	          0	   11000	    17	        99	                52	                   0	
     10068566	         -1	          0	   11100	    16	        99	                52	                   0	
     10068666	         -1	          0	   11200	    17	        99	                52	                   0	
     10068766	         -1	          0	   11300	    17	        99	                52	                   0	
     10068866	         -1	          0	   11400	    17	        99	                52	                   0	
     10068966	         -1	          0	   11500	    17	        99	                52	                   0	
     10069066	         -1	          0	   11600	    17	        99	                52	                   0	
     10069166	         -1	          0	   11700	    17	        99	                52	                   0	
     10069266	         -1	          0	   11800	    17	        99	                52	                   0	
     10069366	         -1	          0	   11900	    17	        99	                52	                   0	
     10069466	         -1	          0	   12000	    17	        99	                52	                   0	
     10069566	         -1	          0	   12100	    17	        98	                52	                   0	
     10069666	         -1	          0	   12200	    17	        99	                52	                   0	
     10069766	         -1	          0	   12300	    17	        99	                52	                   0	
     10069866	         -1	          0	   12400	    17	        99	                52	                   0	
     10069966	         -1	          0	   12500	    18	        99	                52	                   0	
     10070066	         -1	          0	   12600	    17	        99	                52	                   0	
     10070166	         -1	          0	   12700	    17	        99	                52	                   0	
     10070266	         -1	          0	   12800	    18	        99	                52	                   0	
     10070366	         -1	          0	   12900	    18	        98	                52	                   0	
     10070466	         -1	          0	   13000	    17	        99	                53	                   0	
     10070566	         -1	          0	   13100	    18	        98	                53	                   0	
     10070666	         -1	          0	   13200	    18	        99	                53	                   0	
     10070766	         -1	          0	   13300	    18	        98	                53	                   0	
     10070866	         -1	          0	   13400	    18	        99	                53	                   0	
     10070966	         -1	          0	   13500	    17	        99	                53	                   0	
     10071066	         -1	          0	   13600	    18	        99	                53	                   0	
     10071166	         -1	          0	   13700	    18	        99	                53	                   0	
     10071266	         -1	          0	   13800	    18	        99	                53	                   0	
     10071366	         -1	          0	   13900	    18	        99	                53	                   0	
     10071466	         -1	          0	   14000	    18	        98	                53	                   0	
     10071566	         -1	          0	   14100	    18	        98	                53	                   0	
     10071666	         -1	          0	   14200	    18	        98	                53	                   0	
     10071766	         -1	          0	   14300	    18	        99	                53	                   0	
     10071866	         -1	          0	   14400	    18	        98	                53	                   0	
     10071966	         -1	          0	   14500	    18	        99	                53	                   0	
     10072066	         -1	          0	   14600	    18	        99	                53	                   0	
     10072166	         -1	          0	   14700	    18	        99	                53	                   0	
     10072266	         -1	          0	   14800	    18	        99	                53	                   0	
     10072366	         -1	          0	   14900	    19	        98	                53	                   0	
     10072466	         -1	          0	   15000	    18	        99	                53	                   0	
     10072566	         -1	          0	   15100	    19	        99	                53	                   0	
     10072666	         -1	          0	   15200	    18	        99	                53	                   0	
     10072766	         -1	          0	   15300	    19	        98	                53	                   0	
     10072866	         -1	          0	   15400	    19	        99	                53	                   0	
     10072966	         -1	          0	   15500	    18	        98	                53	                   0	
     10073066	         -1	          0	   15600	    19	        98	                53	                   0	
     10073166	         -1	          0	   15700	    18	        99	                53	                   0	
     10073266	         -1	          0	   15800	    18	        98	                53	                   0	
     10073366	         -1	          0	   15900	    18	        98	                53	                   0	
     10073466	         -1	          0	   16000	    18	        98	                53	                   0	
     10073566	         -1	          0	   16100	    18	        99	                53	                   0	
     10073666	         -1	          0	   16200	    19	        98	                53	                   0	
     10073766	         -1	          0	   16300	    19	        99	                53	                   0	
     10073865	         -1	          0	   16400	    19	        98	                53	                   0	
     10073965	         -1	          0	   16500	    19	        99	                54	                   0	
     10074065	         -1	          0	   16600	    19	        99	                54	                   0	
     10074165	         -1	          0	   16700	    19	        98	                53	                   0	
     10074265	         -1	          0	   16800	    18	        99	                54	                   0	
     10074365	         -1	          0	   16900	    19	        98	                53	                   0	
     10074465	         -1	          0	   17000	    19	        99	                54	                   0	
     10074565	         -1	          0	   17100	    19	        98	                54	                   0	
     10074665	         -1	          0	   17200	    19	        99	                54	                   0	
     10074765	         -1	          0	   17300	    19	        98	                54	                   0	
     10074865	         -1	          0	   17400	    19	        99	                54	                   0	
     10074965	         -1	          0	   17500	    19	        99	                54	                   0	
     10075065	         -1	          0	   17600	    19	        99	                54	                   0	
     10075165	         -1	          0	   17700	    19	        99	                54	                   0	
     10075265	         -1	          0	   17800	    19	        98	                54	                   0	
     10075365	         -1	          0	   17900	    19	        98	                54	                   0	
     10075465	         -1	          0	   18000	    19	        98	                54	                   0	
     10075565	         -1	          0	   18100	    19	        99	                54	                   0	
     10075665	         -1	          0	   18200	    19	        99	                54	                   0	
     10075765	         -1	          0	   18300	    19	        99	                54	                   0	
     10075865	         -1	          0	   18400	    19	        99	                54	                   0	
     10075965	         -1	          0	   18500	    19	        99	                54	                   0	
     10076065	         -1	          0	   18600	    19	        98	                54	                   0	
     10076165	         -1	          0	   18700	    19	        99	                54	                   0	
     10076265	         -1	          0	   18800	    19	        98	                54	                   0	
     10076365	         -1	          0	   18900	    19	        98	                54	                   0	
     10076465	         -1	          0	   19000	    19	        99	                54	                   0	
     10076565	         -1	          0	   19100	    19	        99	                54	                   0	
     10076665	         -1	          0	   19200	    19	        98	                54	                   0	
     10076765	         -1	          0	   19300	    19	        99	                54	                   0	
     10076865	         -1	          0	   19400	    19	        98	                54	                   0	
     10076965	         -1	          0	   19500	    20	        98	                54	                   0	
     10077065	         -1	          0	   19600	    20	        98	                54	                   0	
     10077165	         -1	          0	   19700	    19	        98	                54	                   0	
     10077265	         -1	          0	   19800	    19	        98	                54	                   0	
     10077365	         -1	          0	   19900	    20	        99	                54	                   0	
     10077465	         -1	          0	   20000	    19	        99	                54	                   0	
     10077565	         -1	          0	   20100	    19	        98	                54	                   0	
     10077665	         -1	          0	   20200	    19	        98	                54	                   0	
     10077765	         -1	          0	   20300	    20	        99	                54	                   0	
     10077865	         -1	          0	   20400	    19	        99	                54	                   0	
     10077965	         -1	          0	   20500	    19	        98	                54	                   0	
     10078065	         -1	          0	   20600	    19	        98	                54	                   0	
     10078165	         -1	          0	   20700	    19	        99	                54	                   0	
     10078265	         -1	          0	   20800	    19	        99	                54	                   0	
     10078365	         -1	          0	   20900	    20	        99	                54	                   0	
     10078465	         -1	          0	   21000	    19	        98	                54	                   0	
     10078567	         -1	          0	   21100	    19	        99	                54	                   0	
     10078667	         -1	          0	   21200	    19	        98	                54	                   0	
     10078767	         -1	          0	   21300	    19	        98	                54	                   0	
     10078867	         -1	          0	   21400	    19	        98	                54	                   0	
     10078967	         -1	          0	   21500	    20	        98	                54	                   0	
     10079067	         -1	          0	   21600	    20	        99	                54	                   0	
     10079167	         -1	          0	   21700	    20	        98	                54	                   0	
     10079267	         -1	          0	   21800	    19	        98	                54	                   0	
     10079367	         -1	          0	   21900	    20	        98	                54	                   0	
     10079467	         -1	          0	   22000	    19	        99	                54	                   0	
     10079567	         -1	          0	   22100	    19	        99	                54	                   0	
     10079667	         -1	          0	   22200	    20	        98	                54	                   0	
     10079767	         -1	          0	   22300	    19	        98	                54	                   0	
     10079867	         -1	          0	   22400	    20	        98	                54	                   0	
     10079966	         -1	          0	   22500	    19	        98	                54	                   0	
     10080066	         -1	          0	   22600	    20	        99	                54	                   0	
     10080166	         -1	          0	   22700	    19	        98	                54	                   0	
     10080266	         -1	          0	   22800	    19	        98	                54	                   0	
     10080366	         -1	          0	   22900	    20	        99	                54	                   0	
     10080466	         -1	          0	   23000	    20	        98	                54	                   0	
     10080566	         -1	          0	   23100	    20	        98	                54	                   0	
     10080666	         -1	          0	   23200	    20	        98	                54	                   0	
     10080766	         -1	          0	   23300	    19	        98	                54	                   0	
     10080866	         -1	          0	   23400	    20	        99	                54	                   0	
     10080966	         -1	          0	   23500	    20	        98	                54	                   0	
     10081066	         -1	          0	   23600	    20	        99	                54	                   0	
     10081166	         -1	          0	   23700	    20	        98	                54	                   0	
     10081266	         -1	          0	   23800	    20	        99	                54	                   0	
     10081366	         -1	          0	   23900	    19	        98	                54	                   0	
     10081466	         -1	          0	   24000	    19	        99	                54	                   0	
     10081566	         -1	          0	   24100	    20	        98	                54	                   0	
     10081666	         -1	          0	   24200	    20	        98	                54	                   0	
     10081766	         -1	          0	   24300	    20	        98	                54	                   0	
     10081866	         -1	          0	   24400	    20	        98	                54	                   0	
     10081966	         -1	          0	   24500	    20	        99	                54	                   0	
     10082066	         -1	          0	   24600	    19	        98	                54	                   0	
     10082166	         -1	          0	   24700	    19	        98	                54	                   0	
     10082266	         -1	          0	   24800	    20	        99	                54	                   0	
     10082366	         -1	          0	   24900	    20	        99	                54	                   0	
     10082466	         -1	          0	   25000	    19	        98	                54	                   0	
     10082566	         -1	          0	   25100	    20	        98	                54	                   0	
     10082666	         -1	          0	   25200	    20	        98	                54	                   0	
     10082766	         -1	          0	   25300	    20	        98	                54	                   0	
     10082866	         -1	          0	   25400	    20	        98	                54	                   0	
     10082966	         -1	          0	   25500	    20	        98	                54	                   0	
     10083066	         -1	          0	   25600	    20	        99	                54	                   0	
     10083166	         -1	          0	   25700	    20	        98	                54	                   0	
     10083266	         -1	          0	   25800	    20	        98	                54	                   0	
     10083366	         -1	          0	   25900	    20	        99	                54	                   0	
     10083466	         -1	          0	   26000	    20	        98	                54	                   0	
     10083566	         -1	          0	   26100	    20	        98	                54	                   0	
     10083666	         -1	          0	   26200	    19	        99	                54	                   0	
     10083766	         -1	          0	   26300	    20	        98	                54	                   0	
     10083866	         -1	          0	   26400	    20	        99	                54	                   0	
     10083966	         -1	          0	   26500	    19	        98	                54	                   0	
     10084066	         -1	          0	   26600	    19	        99	                54	                   0	
     10084166	         -1	          0	   26700	    19	        99	                54	                   0	
     10084266	         -1	          0	   26800	    20	        98	                54	                   0	
     10084366	         -1	          0	   26900	    20	        98	                54	                   0	
     10084466	         -1	          0	   27000	    20	        98	                54	                   0	
     10084566	         -1	          0	   27100	    20	        98	                54	                   0	
     10084666	         -1	          0	   27200	    20	        98	                54	                   0	
     10084766	         -1	          0	   27300	    20	        99	                54	                   0	
     10084866	         -1	          0	   27400	    20	        99	                54	                   0	
     10084966	         -1	          0	   27500	    20	        98	                54	                   0	
     10085066	         -1	          0	   27600	    20	        98	                54	                   0	
     10085166	         -1	          0	   27700	    20	        99	                55	                   0	
     10085266	         -1	          0	   27800	    20	        99	                54	                   0	
     10085366	         -1	          0	   27900	    20	        98	                54	                   0	
     10085466	         -1	          0	   28000	    19	        99	                54	                   0	
     10085566	         -1	          0	   28100	    20	        98	                54	                   0	
     10085666	         -1	          0	   28200	    20	        99	                54	                   0	
     10085766	         -1	          0	   28300	    20	        98	                55	                   0	
     10085866	         -1	          0	   28400	    20	        98	                54	                   0	
     10085965	         -1	          0	   28500	    19	        98	                54	                   0	
     10086065	         -1	          0	   28600	    20	        98	                54	                   0	
     10086165	         -1	          0	   28700	    20	        99	                55	                   0	
     10086265	         -1	          0	   28800	    20	        98	                54	                   0	
     10086365	         -1	          0	   28900	    20	        99	                54	                   0	
     10086465	         -1	          0	   29000	    20	        98	                55	                   0	
     10086565	         -1	          0	   29100	    20	        98	                54	                   0	
     10086665	         -1	          0	   29200	    20	        98	                54	                   0	
     10086765	         -1	          0	   29300	    19	        98	                54	                   0	
     10086865	         -1	          0	   29400	    20	        99	                54	                   0	
     10086965	         -1	          0	   29500	    20	        98	                54	                   0	
     10087065	         -1	          0	   29600	    20	        99	                55	                   0	
     10087165	         -1	          0	   29700	    20	        98	                54	                   0	
     10087265	         -1	          0	   29800	    20	        98	                54	                   0	
     10087365	         -1	          0	   29900	    19	        98	                54	                   0	
     10087465	         -1	          0	   30000	    19	        98	                54	                   0	
     10087565	         -1	          0	   30100	    20	        98	                55	                   0	
     10087665	         -1	          0	   30200	    20	        98	                55	                   0	
     10087765	         -1	          0	   30300	    19	        98	                54	                   0	
     10087865	         -1	          0	   30400	    20	        99	                54	                   0	
     10087965	         -1	          0	   30500	    20	        98	                54	                   0	
     10088065	         -1	          0	   30600	    20	        99	                54	                   0	
     10088165	         -1	          0	   30700	    20	        98	                55	                   0	
     10088265	         -1	          0	   30800	    20	        98	                54	                   0	
     10088365	         -1	          0	   30900	    20	        99	                54	                   0	
     10088465	         -1	          0	   31000	    20	        98	                54	                   0	
     10088564	         -1	          0	   31100	    20	        98	                54	                   0	
     10088664	         -1	          0	   31200	    19	        98	                55	                   0	
     10088764	         -1	          0	   31300	    20	        98	                54	                   0	
     10088864	         -1	          0	   31400	    20	        99	                54	                   0	
     10088964	         -1	          0	   31500	    19	        98	                54	                   0	
     10089064	         -1	          0	   31600	    20	        98	                55	                   0	
     10089164	         -1	          0	   31700	    20	        98	                55	                   0	
     10089264	         -1	          0	   31800	    20	        98	                54	                   0	
     10089364	         -1	          0	   31900	    20	        98	                54	                   0	
     10089464	         -1	          0	   32000	    20	        99	                55	                   0	
     10089564	         -1	          0	   32100	    20	        98	                55	                   0	
     10089664	         -1	          0	   32200	    20	        98	                55	                   0	
     10089764	         -1	          0	   32300	    19	        99	                54	                   0	
     10089864	         -1	          0	   32400	    20	        98	                55	                   0	
     10089964	         -1	          0	   32500	    20	        98	                55	                   0	
     10090064	         -1	          0	   32600	    19	        98	                55	                   0	
     10090164	         -1	          0	   32700	    20	        98	                55	                   0	
     10090264	         -1	          0	   32800	    20	        99	                54	                   0	
     10090364	         -1	          0	   32900	    19	        99	                55	                   0	
     10090464	         -1	          0	   33000	    20	        98	                55	                   0	
     10090564	         -1	          0	   33100	    20	        99	                55	                   0	
     10090664	         -1	          0	   33200	    20	        98	                54	                   0	
     10090764	         -1	          0	   33300	    20	        99	                54	                   0	
     10090864	         -1	          0	   33400	    20	        99	                54	                   0	
     10090963	         -1	          0	   33500	    20	        98	                55	                   0	
     10091064	         -1	          0	   33600	    19	        99	                55	                   0	
     10091163	         -1	          0	   33700	    20	        98	                55	                   0	
     10091263	         -1	          0	   33800	    20	        99	                54	                   0	
     10091363	         -1	          0	   33900	    20	        98	                55	                   0	
     10091463	         -1	          0	   34000	    20	        99	                55	                   0	
     10091564	         -1	          0	   34100	    20	        98	                55	                   0	
     10091663	         -1	          0	   34200	    20	        98	                54	                   0	
     10091763	         -1	          0	   34300	    20	        98	                55	                   0	
     10091863	         -1	          0	   34400	    20	        98	                55	                   0	
     10091963	         -1	          0	   34500	    20	        99	                55	                   0	
     10092063	         -1	          0	   34600	    20	        98	                55	                   0	
     10092163	         -1	          0	   34700	    20	        98	                55	                   0	
     10092263	         -1	          0	   34800	    20	        99	                55	                   0	
     10092363	         -1	          0	   34900	    20	        98	                55	                   0	
     10092463	         -1	          0	   35000	    20	        98	                55	                   0	
     10092563	         -1	          0	   35100	    19	        99	                55	                   0	
     10092663	         -1	          0	   35200	    20	        98	                54	                   0	
     10092763	         -1	          0	   35300	    19	        98	                55	                   0	
     10092863	         -1	          0	   35400	    20	        98	                55	                   0	
     10092963	         -1	          0	   35500	    20	        98	                55	                   0	
     10093063	         -1	          0	   35600	    20	        98	                55	                   0	
     10093163	         -1	          0	   35700	    20	        99	                55	                   0	
     10093263	         -1	          0	   35800	    19	        99	                55	                   0	
     10093363	         -1	          0	   35900	    20	        98	                55	                   0	
     10093463	         -1	          0	   36000	    20	        98	                54	                   0	
     10093563	         -1	          0	   36100	    20	        98	                55	                   0	
     10093663	         -1	          0	   36200	    19	        99	                55	                   0	
     10093763	         -1	          0	   36300	    20	        98	                55	                   0	
     10093863	         -1	          0	   36400	    19	        98	                55	                   0	
     10093963	         -1	          0	   36500	    20	        99	                55	                   0	
     10094063	         -1	          0	   36600	    20	        98	                55	                   0	
     10094163	         -1	          0	   36700	    20	        98	                54	                   0	
     10094263	         -1	          0	   36800	    20	        98	                55	                   0	
     10094363	         -1	          0	   36900	    20	        98	                55	                   0	
     10094463	         -1	          0	   37000	    20	        98	                55	                   0	
     10094563	         -1	          0	   37100	    20	        98	                55	                   0	
     10094663	         -1	          0	   37200	    20	        98	                55	                   0	
     10094763	         -1	          0	   37300	    20	        98	                55	                   0	
     10094863	         -1	          0	   37400	    20	        98	                55	                   0	
     10094963	         -1	          0	   37500	    20	        98	                55	                   0	
     10095063	         -1	          0	   37600	    19	        98	                55	                   0	
     10095163	         -1	          0	   37700	    19	        98	                55	                   0	
     10095263	         -1	          0	   37800	    20	        98	                55	                   0	
     10095363	         -1	          0	   37900	    20	        98	                55	                   0	
     10095463	         -1	          0	   38000	    19	        99	                55	                   0	
     10095563	         -1	          0	   38100	    20	        98	                55	                   0	
     10095663	         -1	          0	   38200	    20	        98	                55	                   0	
     10095763	         -1	          0	   38300	    20	        98	                54	                   0	
     10095863	         -1	          0	   38400	    20	        98	                55	                   0	
     10095963	         -1	          0	   38500	    20	        98	                55	                   0	
     10096063	         -1	          0	   38600	    20	        98	                55	                   0	
     10096163	         -1	          0	   38700	    20	        98	                55	                   0	
     10096263	         -1	          0	   38800	    19	        98	                55	                   0	
     10096363	         -1	          0	   38900	    20	        99	                55	                   0	
     10096463	         -1	          0	   39000	    19	        98	                55	                   0	
     10096563	         -1	          0	   39100	    20	        98	                55	                   0	
     10096663	         -1	          0	   39200	    20	        99	                55	                   0	
     10096763	         -1	          0	   39300	    20	        98	                55	                   0	
     10096863	         -1	          0	   39400	    19	        98	                55	                   0	
     10096962	         -1	          0	   39500	    20	        99	                55	                   0	
     10097063	         -1	          0	   39600	    20	        98	                55	                   0	
     10097163	         -1	          0	   39700	    19	        99	                55	                   0	
     10097262	         -1	          0	   39800	    20	        98	                55	                   0	
     10097362	         -1	          0	   39900	    20	        98	                55	                   0	
     10097462	         -1	          0	   40000	    19	        98	                55	                   0	
     10097562	         -1	          0	   40100	    20	        99	                55	                   0	
     10097662	         -1	          0	   40200	    19	        98	                54	                   0	
     10097762	         -1	          0	   40300	    19	        98	                55	                   0	
     10097862	         -1	          0	   40400	    20	        98	                55	                   0	
     10097962	         -1	          0	   40500	    19	        98	                55	                   0	
     10098062	         -1	          0	   40600	    19	        98	                55	                   0	
     10098162	         -1	          0	   40700	    19	        98	                55	                   0	
     10098262	         -1	          0	   40800	    20	        98	                55	                   0	
     10098362	         -1	          0	   40900	    20	        98	                55	                   0	
     10098462	         -1	          0	   41000	    19	        98	                54	                   0	
     10098563	         -1	          0	   41100	    20	        98	                55	                   0	
     10098663	         -1	          0	   41200	    19	        98	                54	                   0	
     10098763	         -1	          0	   41300	    19	        98	                55	                   0	
     10098863	         -1	          0	   41400	    20	        98	                55	                   0	
     10098963	         -1	          0	   41500	    20	        99	                55	                   0	
     10099063	         -1	          0	   41600	    19	        98	                55	                   0	
     10099163	         -1	          0	   41700	    20	        98	                55	                   0	
     10099263	         -1	          0	   41800	    19	        98	                55	                   0	
     10099363	         -1	          0	   41900	    19	        98	                55	                   0	
     10099463	         -1	          0	   42000	    20	        98	                55	                   0	
     10099563	         -1	          0	   42100	    20	        98	                55	                   0	
     10099663	         -1	          0	   42200	    20	        98	                55	                   0	
     10099763	         -1	          0	   42300	    20	        98	                55	                   0	
     10099863	         -1	          0	   42400	    19	        98	                55	                   0	
     10099963	         -1	          0	   42500	    19	        98	                55	                   0	
     10100063	         -1	          0	   42600	    20	        98	                55	                   0	
     10100163	         -1	          0	   42700	    19	        98	                55	                   0	
     10100263	         -1	          0	   42800	    19	        98	                55	                   0	
     10100363	         -1	          0	   42900	    20	        98	                55	                   0	
     10100463	         -1	          0	   43000	    20	        99	                55	                   0	
     10100563	         -1	          0	   43100	    20	        98	                55	                   0	
     10100663	         -1	          0	   43200	    19	        98	                55	                   0	
     10100763	         -1	          0	   43300	    20	        98	                55	                   0	
     10100863	         -1	          0	   43400	    19	        98	                55	                   0	
     10100963	         -1	          0	   43500	    19	        98	                55	                   0	
     10101063	         -1	          0	   43600	    19	        98	                54	                   0	
     10101163	         -1	          0	   43700	    20	        98	                55	                   0	
     10101263	         -1	          0	   43800	    19	        98	                54	                   0	
     10101363	         -1	          0	   43900	    19	        98	                55	                   0	
     10101463	         -1	          0	   44000	    20	        98	                55	                   0	
     10101563	         -1	          0	   44100	    20	        98	                55	                   0	
     10101663	         -1	          0	   44200	    19	        98	                55	                   0	
     10101763	         -1	          0	   44300	    19	        98	                55	                   0	
     10101863	         -1	          0	   44400	    20	        98	                55	                   0	
     10101963	         -1	          0	   44500	    19	        98	                55	                   0	
     10102063	         -1	          0	   44600	    20	        98	                54	                   0	
     10102163	         -1	          0	   44700	    20	        98	                55	                   0	
     10102263	         -1	          0	   44800	    19	        98	                55	                   0	
     10102363	         -1	          0	   44900	    20	        98	                55	                   0	
     10102463	         -1	          0	   45000	    19	        98	                55	                   0	
     10102563	         -1	          0	   45100	    19	        98	                55	                   0	
     10102663	         -1	          0	   45200	    19	        98	                55	                   0	
     10102762	         -1	          0	   45300	    20	        99	                55	                   0	
     10102862	         -1	          0	   45400	    20	        99	                55	                   0	
     10102962	         -1	          0	   45500	    20	        98	                55	                   0	
     10103063	         -1	          0	   45600	    20	        98	                55	                   0	
     10103162	         -1	          0	   45700	    19	        98	                55	                   0	
     10103262	         -1	          0	   45800	    19	        98	                55	                   0	
     10103362	         -1	          0	   45900	    19	        99	                55	                   0	
     10103462	         -1	          0	   46000	    19	        98	                55	                   0	
     10103562	         -1	          0	   46100	    19	        98	                55	                   0	
     10103662	         -1	          0	   46200	    20	        98	                55	                   0	
     10103762	         -1	          0	   46300	    19	        98	                55	                   0	
     10103862	         -1	          0	   46400	    19	        98	                55	                   0	
     10103962	         -1	          0	   46500	    19	        98	                55	                   0	
     10104062	         -1	          0	   46600	    19	        98	                55	                   0	
     10104162	         -1	          0	   46700	    19	        98	                55	                   0	
     10104262	         -1	          0	   46800	    20	        98	                55	                   0	
     10104362	         -1	          0	   46900	    20	        98	                55	                   0	
     10104462	         -1	          0	   47000	    19	        98	                55	                   0	
     10104562	         -1	          0	   47100	    19	        98	                55	                   0	
     10104662	         -1	          0	   47200	    20	        98	                55	                   0	
